service_date,date,bus,rail_boardings,total_rides
01/01/2001,2001-01-01,297192,126455,423647
01/02/2001,2001-01-02,780827,501952,1282779
01/03/2001,2001-01-03,824923,536432,1361355
01/04/2001,2001-01-04,870021,550011,1420032
01/05/2001,2001-01-05,890426,557917,1448343
01/06/2001,2001-01-06,577401,255356,832757
01/07/2001,2001-01-07,375831,169825,545656
01/08/2001,2001-01-08,985221,590706,1575927
01/09/2001,2001-01-09,978377,599905,1578282
01/10/2001,2001-01-10,984884,602052,1586936
01/11/2001,2001-01-11,995561,607503,1603064
01/12/2001,2001-01-12,1018985,605252,1624237
01/13/2001,2001-01-13,591791,270056,861847
01/14/2001,2001-01-14,373091,174842,547933
01/15/2001,2001-01-15,675845,412149,1087994
01/16/2001,2001-01-16,1024367,622163,1646530
01/17/2001,2001-01-17,1018690,620343,1639033
01/18/2001,2001-01-18,1006996,618832,1625828
01/19/2001,2001-01-19,909964,583851,1493815
01/20/2001,2001-01-20,582348,263815,846163
01/21/2001,2001-01-21,378381,172107,550488
01/22/2001,2001-01-22,1005936,598777,1604713
01/23/2001,2001-01-23,1019983,610352,1630335
01/24/2001,2001-01-24,991661,606835,1598496
01/25/2001,2001-01-25,1004257,609877,1614134
01/26/2001,2001-01-26,965324,597039,1562363
01/27/2001,2001-01-27,590836,268078,858914
01/28/2001,2001-01-28,368819,174434,543253
01/29/2001,2001-01-29,953532,587052,1540584
01/30/2001,2001-01-30,982046,607858,1589904
01/31/2001,2001-01-31,999392,610508,1609900
02/01/2001,2001-02-01,1054608,615268,1669876
02/02/2001,2001-02-02,966701,577767,1544468
02/03/2001,2001-02-03,611703,263612,875315
02/04/2001,2001-02-04,404212,178398,582610
02/05/2001,2001-02-05,1045944,600588,1646532
02/06/2001,2001-02-06,1039393,612435,1651828
02/07/2001,2001-02-07,1015059,609022,1624081
02/08/2001,2001-02-08,1007760,610237,1617997
02/09/2001,2001-02-09,970826,593354,1564180
02/10/2001,2001-02-10,605404,271313,876717
02/11/2001,2001-02-11,405433,178810,584243
02/12/2001,2001-02-12,872330,539393,1411723
02/13/2001,2001-02-13,1050834,622753,1673587
02/14/2001,2001-02-14,1004304,610966,1615270
02/15/2001,2001-02-15,1028938,613323,1642261
02/16/2001,2001-02-16,1033040,601418,1634458
02/17/2001,2001-02-17,591717,269294,861011
02/18/2001,2001-02-18,388788,176855,565643
02/19/2001,2001-02-19,782447,457891,1240338
02/20/2001,2001-02-20,1035400,610284,1645684
02/21/2001,2001-02-21,986212,600133,1586345
02/22/2001,2001-02-22,986399,606302,1592701
02/23/2001,2001-02-23,1024235,602352,1626587
02/24/2001,2001-02-24,505193,246795,751988
02/25/2001,2001-02-25,351637,172132,523769
02/26/2001,2001-02-26,1009329,609256,1618585
02/27/2001,2001-02-27,1000630,609305,1609935
02/28/2001,2001-02-28,990416,610013,1600429
03/01/2001,2001-03-01,1051889,618440,1670329
03/02/2001,2001-03-02,1062234,611578,1673812
03/03/2001,2001-03-03,678870,286786,965656
03/04/2001,2001-03-04,385978,178292,564270
03/05/2001,2001-03-05,863086,549759,1412845
03/06/2001,2001-03-06,1013530,603561,1617091
03/07/2001,2001-03-07,1028462,616666,1645128
03/08/2001,2001-03-08,1000946,611371,1612317
03/09/2001,2001-03-09,1038368,606672,1645040
03/10/2001,2001-03-10,633472,283251,916723
03/11/2001,2001-03-11,410081,188228,598309
03/12/2001,2001-03-12,979411,588857,1568268
03/13/2001,2001-03-13,1017685,611347,1629032
03/14/2001,2001-03-14,1025283,619417,1644700
03/15/2001,2001-03-15,960667,596612,1557279
03/16/2001,2001-03-16,923613,583359,1506972
03/17/2001,2001-03-17,602158,343893,946051
03/18/2001,2001-03-18,412146,194257,606403
03/19/2001,2001-03-19,1021700,602469,1624169
03/20/2001,2001-03-20,1034388,618340,1652728
03/21/2001,2001-03-21,1029332,616764,1646096
03/22/2001,2001-03-22,1030741,617815,1648556
03/23/2001,2001-03-23,1030685,605605,1636290
03/24/2001,2001-03-24,604139,277028,881167
03/25/2001,2001-03-25,348817,170742,519559
03/26/2001,2001-03-26,989316,583176,1572492
03/27/2001,2001-03-27,1017904,600914,1618818
03/28/2001,2001-03-28,1007699,601999,1609698
03/29/2001,2001-03-29,1020098,605027,1625125
03/30/2001,2001-03-30,978244,590403,1568647
03/31/2001,2001-03-31,626223,280950,907173
04/01/2001,2001-04-01,417716,192717,610433
04/02/2001,2001-04-02,1023629,611098,1634727
04/03/2001,2001-04-03,1057275,613993,1671268
04/04/2001,2001-04-04,1047634,625348,1672982
04/05/2001,2001-04-05,973118,606535,1579653
04/06/2001,2001-04-06,1015046,611352,1626398
04/07/2001,2001-04-07,642265,297971,940236
04/08/2001,2001-04-08,437035,200720,637755
04/09/2001,2001-04-09,998290,596418,1594708
04/10/2001,2001-04-10,1024817,613311,1638128
04/11/2001,2001-04-11,985906,606764,1592670
04/12/2001,2001-04-12,991795,608691,1600486
04/13/2001,2001-04-13,865706,527116,1392822
04/14/2001,2001-04-14,628526,279728,908254
04/15/2001,2001-04-15,364972,163191,528163
04/16/2001,2001-04-16,859713,564614,1424327
04/17/2001,2001-04-17,877834,583859,1461693
04/18/2001,2001-04-18,907539,599600,1507139
04/19/2001,2001-04-19,917518,596505,1514023
04/20/2001,2001-04-20,922082,590659,1512741
04/21/2001,2001-04-21,603039,293701,896740
04/22/2001,2001-04-22,384255,185526,569781
04/23/2001,2001-04-23,979788,590446,1570234
04/24/2001,2001-04-24,1031150,618513,1649663
04/25/2001,2001-04-25,977794,609447,1587241
04/26/2001,2001-04-26,1028140,624617,1652757
04/27/2001,2001-04-27,1034472,610723,1645195
04/28/2001,2001-04-28,624970,289747,914717
04/29/2001,2001-04-29,423377,200002,623379
04/30/2001,2001-04-30,1008390,600424,1608814
05/01/2001,2001-05-01,1067496,632996,1700492
05/02/2001,2001-05-02,1034088,627894,1661982
05/03/2001,2001-05-03,1065048,634792,1699840
05/04/2001,2001-05-04,1046692,621087,1667779
05/05/2001,2001-05-05,637957,307025,944982
05/06/2001,2001-05-06,417760,206450,624210
05/07/2001,2001-05-07,1007381,598338,1605719
05/08/2001,2001-05-08,1044379,621604,1665983
05/09/2001,2001-05-09,1041324,619928,1661252
05/10/2001,2001-05-10,1018705,614067,1632772
05/11/2001,2001-05-11,1004068,600295,1604363
05/12/2001,2001-05-12,649008,289167,938175
05/13/2001,2001-05-13,422270,200996,623266
05/14/2001,2001-05-14,963027,581644,1544671
05/15/2001,2001-05-15,1035512,633053,1668565
05/16/2001,2001-05-16,995884,627978,1623862
05/17/2001,2001-05-17,1006118,628882,1635000
05/18/2001,2001-05-18,1027834,628829,1656663
05/19/2001,2001-05-19,645603,315487,961090
05/20/2001,2001-05-20,427040,217899,644939
05/21/2001,2001-05-21,958236,590204,1548440
05/22/2001,2001-05-22,1019568,637152,1656720
05/23/2001,2001-05-23,978614,619656,1598270
05/24/2001,2001-05-24,973423,615727,1589150
05/25/2001,2001-05-25,988982,597892,1586874
05/26/2001,2001-05-26,512958,269276,782234
05/27/2001,2001-05-27,390535,208208,598743
05/28/2001,2001-05-28,392906,191639,584545
05/29/2001,2001-05-29,1003029,595375,1598404
05/30/2001,2001-05-30,1002940,607442,1610382
05/31/2001,2001-05-31,965359,602748,1568107
06/01/2001,2001-06-01,1057056,611631,1668687
06/02/2001,2001-06-02,618944,282212,901156
06/03/2001,2001-06-03,432408,204795,637203
06/04/2001,2001-06-04,1029447,599699,1629146
06/05/2001,2001-06-05,935443,606051,1541494
06/06/2001,2001-06-06,1004243,627572,1631815
06/07/2001,2001-06-07,1004748,646177,1650925
06/08/2001,2001-06-08,1012502,642049,1654551
06/09/2001,2001-06-09,639444,358013,997457
06/10/2001,2001-06-10,438393,242257,680650
06/11/2001,2001-06-11,910186,586260,1496446
06/12/2001,2001-06-12,946314,605737,1552051
06/13/2001,2001-06-13,911372,599114,1510486
06/14/2001,2001-06-14,891710,602538,1494248
06/15/2001,2001-06-15,912712,612983,1525695
06/16/2001,2001-06-16,675335,340782,1016117
06/17/2001,2001-06-17,422714,237483,660197
06/18/2001,2001-06-18,909937,590688,1500625
06/19/2001,2001-06-19,944122,613028,1557150
06/20/2001,2001-06-20,939471,612707,1552178
06/21/2001,2001-06-21,900375,596076,1496451
06/22/2001,2001-06-22,957514,626565,1584079
06/23/2001,2001-06-23,631716,328467,960183
06/24/2001,2001-06-24,443240,281620,724860
06/25/2001,2001-06-25,947130,621006,1568136
06/26/2001,2001-06-26,944301,635326,1579627
06/27/2001,2001-06-27,944274,634994,1579268
06/28/2001,2001-06-28,942731,611002,1553733
06/29/2001,2001-06-29,996694,666587,1663281
06/30/2001,2001-06-30,649995,363078,1013073
07/01/2001,2001-07-01,435317,271052,706369
07/02/2001,2001-07-02,958879,627767,1586646
07/03/2001,2001-07-03,990209,827670,1817879
07/04/2001,2001-07-04,461383,306172,767555
07/05/2001,2001-07-05,918500,606574,1525074
07/06/2001,2001-07-06,958011,643965,1601976
07/07/2001,2001-07-07,599172,347374,946546
07/08/2001,2001-07-08,439513,256208,695721
07/09/2001,2001-07-09,935542,597633,1533175
07/10/2001,2001-07-10,937066,610069,1547135
07/11/2001,2001-07-11,960775,614294,1575069
07/12/2001,2001-07-12,949551,636236,1585787
07/13/2001,2001-07-13,957097,641244,1598341
07/14/2001,2001-07-14,629660,333365,963025
07/15/2001,2001-07-15,420137,241827,661964
07/16/2001,2001-07-16,880246,623660,1503906
07/17/2001,2001-07-17,920250,625940,1546190
07/18/2001,2001-07-18,935427,612765,1548192
07/19/2001,2001-07-19,949691,618451,1568142
07/20/2001,2001-07-20,937942,610617,1548559
07/21/2001,2001-07-21,593545,305457,899002
07/22/2001,2001-07-22,379766,200473,580239
07/23/2001,2001-07-23,854318,574685,1429003
07/24/2001,2001-07-24,939133,630753,1569886
07/25/2001,2001-07-25,874776,612547,1487323
07/26/2001,2001-07-26,954848,636674,1591522
07/27/2001,2001-07-27,933625,634484,1568109
07/28/2001,2001-07-28,607195,357848,965043
07/29/2001,2001-07-29,432534,236416,668950
07/30/2001,2001-07-30,908372,586076,1494448
07/31/2001,2001-07-31,884617,596502,1481119
08/01/2001,2001-08-01,873553,612734,1486287
08/02/2001,2001-08-02,790639,549367,1340006
08/03/2001,2001-08-03,984483,603405,1587888
08/04/2001,2001-08-04,648406,319386,967792
08/05/2001,2001-08-05,453344,225172,678516
08/06/2001,2001-08-06,907499,585919,1493418
08/07/2001,2001-08-07,875431,610601,1486032
08/08/2001,2001-08-08,854367,596163,1450530
08/09/2001,2001-08-09,846305,602242,1448547
08/10/2001,2001-08-10,946431,626136,1572567
08/11/2001,2001-08-11,607614,323141,930755
08/12/2001,2001-08-12,420182,234020,654202
08/13/2001,2001-08-13,892382,571719,1464101
08/14/2001,2001-08-14,866757,598019,1464776
08/15/2001,2001-08-15,878793,584203,1462996
08/16/2001,2001-08-16,800887,581402,1382289
08/17/2001,2001-08-17,929083,598538,1527621
08/18/2001,2001-08-18,569201,296970,866171
08/19/2001,2001-08-19,439920,235842,675762
08/20/2001,2001-08-20,876831,606101,1482932
08/21/2001,2001-08-21,894995,608242,1503237
08/22/2001,2001-08-22,864392,599157,1463549
08/23/2001,2001-08-23,906026,612615,1518641
08/24/2001,2001-08-24,926014,619276,1545290
08/25/2001,2001-08-25,518211,290626,808837
08/26/2001,2001-08-26,439715,245014,684729
08/27/2001,2001-08-27,900370,590849,1491219
08/28/2001,2001-08-28,933626,628532,1562158
08/29/2001,2001-08-29,901782,625324,1527106
08/30/2001,2001-08-30,913200,617044,1530244
08/31/2001,2001-08-31,986749,616977,1603726
09/01/2001,2001-09-01,639977,319699,959676
09/02/2001,2001-09-02,470771,243520,714291
09/03/2001,2001-09-03,448248,213584,661832
09/04/2001,2001-09-04,1120482,625640,1746122
09/05/2001,2001-09-05,1047878,644950,1692828
09/06/2001,2001-09-06,1053246,644766,1698012
09/07/2001,2001-09-07,1070339,659824,1730163
09/08/2001,2001-09-08,645427,341332,986759
09/09/2001,2001-09-09,492026,215773,707799
09/10/2001,2001-09-10,1075781,661092,1736873
09/11/2001,2001-09-11,957593,525953,1483546
09/12/2001,2001-09-12,931165,588507,1519672
09/13/2001,2001-09-13,1010171,607718,1617889
09/14/2001,2001-09-14,1034666,613645,1648311
09/15/2001,2001-09-15,615097,277875,892972
09/16/2001,2001-09-16,417392,191270,608662
09/17/2001,2001-09-17,919985,609381,1529366
09/18/2001,2001-09-18,1039365,626518,1665883
09/19/2001,2001-09-19,939442,625612,1565054
09/20/2001,2001-09-20,973094,646112,1619206
09/21/2001,2001-09-21,967583,626032,1593615
09/22/2001,2001-09-22,641096,307331,948427
09/23/2001,2001-09-23,361048,190813,551861
09/24/2001,2001-09-24,940207,622061,1562268
09/25/2001,2001-09-25,968563,638815,1607378
09/26/2001,2001-09-26,1028542,639258,1667800
09/27/2001,2001-09-27,1024125,642860,1666985
09/28/2001,2001-09-28,1024142,645884,1670026
09/29/2001,2001-09-29,639464,330008,969472
09/30/2001,2001-09-30,412037,219852,631889
10/01/2001,2001-10-01,1069361,639795,1709156
10/02/2001,2001-10-02,1078342,658020,1736362
10/03/2001,2001-10-03,1018388,657170,1675558
10/04/2001,2001-10-04,902598,649681,1552279
10/05/2001,2001-10-05,1034680,651273,1685953
10/06/2001,2001-10-06,628587,326860,955447
10/07/2001,2001-10-07,404926,287483,692409
10/08/2001,2001-10-08,802729,531294,1334023
10/09/2001,2001-10-09,1055377,645072,1700449
10/10/2001,2001-10-10,898767,637568,1536335
10/11/2001,2001-10-11,1025128,647937,1673065
10/12/2001,2001-10-12,1000153,625089,1625242
10/13/2001,2001-10-13,515481,273528,789009
10/14/2001,2001-10-14,409065,209437,618502
10/15/2001,2001-10-15,1037513,627937,1665450
10/16/2001,2001-10-16,1022047,634396,1656443
10/17/2001,2001-10-17,1036702,641266,1677968
10/18/2001,2001-10-18,1017434,646140,1663574
10/19/2001,2001-10-19,956423,642121,1598544
10/20/2001,2001-10-20,632093,319399,951492
10/21/2001,2001-10-21,433014,213638,646652
10/22/2001,2001-10-22,1012782,621894,1634676
10/23/2001,2001-10-23,1000304,638393,1638697
10/24/2001,2001-10-24,867027,625218,1492245
10/25/2001,2001-10-25,947047,618401,1565448
10/26/2001,2001-10-26,981933,613047,1594980
10/27/2001,2001-10-27,582223,291912,874135
10/28/2001,2001-10-28,405374,208481,613855
10/29/2001,2001-10-29,1019942,623086,1643028
10/30/2001,2001-10-30,994503,629005,1623508
10/31/2001,2001-10-31,978585,628587,1607172
11/01/2001,2001-11-01,1029256,641642,1670898
11/02/2001,2001-11-02,1042714,645966,1688680
11/03/2001,2001-11-03,648350,315004,963354
11/04/2001,2001-11-04,443453,222988,666441
11/05/2001,2001-11-05,1057697,629864,1687561
11/06/2001,2001-11-06,1044478,638448,1682926
11/07/2001,2001-11-07,1033982,640396,1674378
11/08/2001,2001-11-08,1004574,636400,1640974
11/09/2001,2001-11-09,931849,620257,1552106
11/10/2001,2001-11-10,618184,322793,940977
11/11/2001,2001-11-11,416118,218931,635049
11/12/2001,2001-11-12,812747,527242,1339989
11/13/2001,2001-11-13,1026715,641101,1667816
11/14/2001,2001-11-14,994462,624162,1618624
11/15/2001,2001-11-15,983434,615519,1598953
11/16/2001,2001-11-16,1046467,623566,1670033
11/17/2001,2001-11-17,653210,354828,1008038
11/18/2001,2001-11-18,414683,201199,615882
11/19/2001,2001-11-19,999890,600948,1600838
11/20/2001,2001-11-20,1005581,612391,1617972
11/21/2001,2001-11-21,988420,589664,1578084
11/22/2001,2001-11-22,322788,151915,474703
11/23/2001,2001-11-23,641780,356646,998426
11/24/2001,2001-11-24,504548,253414,757962
11/25/2001,2001-11-25,373755,186416,560171
11/26/2001,2001-11-26,993754,600439,1594193
11/27/2001,2001-11-27,985583,613858,1599441
11/28/2001,2001-11-28,981842,614405,1596247
11/29/2001,2001-11-29,972155,613392,1585547
11/30/2001,2001-11-30,1039082,625037,1664119
12/01/2001,2001-12-01,640965,307646,948611
12/02/2001,2001-12-02,418878,210748,629626
12/03/2001,2001-12-03,1051222,599106,1650328
12/04/2001,2001-12-04,1049416,613294,1662710
12/05/2001,2001-12-05,1039940,622264,1662204
12/06/2001,2001-12-06,1020021,623428,1643449
12/07/2001,2001-12-07,1023743,618300,1642043
12/08/2001,2001-12-08,620074,315639,935713
12/09/2001,2001-12-09,406917,207697,614614
12/10/2001,2001-12-10,1005376,597416,1602792
12/11/2001,2001-12-11,1010462,614387,1624849
12/12/2001,2001-12-12,981259,609660,1590919
12/13/2001,2001-12-13,990166,610845,1601011
12/14/2001,2001-12-14,982986,600798,1583784
12/15/2001,2001-12-15,623138,319051,942189
12/16/2001,2001-12-16,407448,213347,620795
12/17/2001,2001-12-17,995060,593314,1588374
12/18/2001,2001-12-18,1014592,608735,1623327
12/19/2001,2001-12-19,958790,591815,1550605
12/20/2001,2001-12-20,987827,586572,1574399
12/21/2001,2001-12-21,994499,569456,1563955
12/22/2001,2001-12-22,586969,268254,855223
12/23/2001,2001-12-23,393359,184628,577987
12/24/2001,2001-12-24,525908,257022,782930
12/25/2001,2001-12-25,218872,93525,312397
12/26/2001,2001-12-26,619967,380064,1000031
12/27/2001,2001-12-27,690465,436814,1127279
12/28/2001,2001-12-28,739404,456879,1196283
12/29/2001,2001-12-29,473194,224772,697966
12/30/2001,2001-12-30,306871,160102,466973
12/31/2001,2001-12-31,650794,321388,972182
01/01/2002,2002-01-01,294360,122471,416831
01/02/2002,2002-01-02,766853,491630,1258483
01/03/2002,2002-01-03,838088,523292,1361380
01/04/2002,2002-01-04,858709,528849,1387558
01/05/2002,2002-01-05,542470,245820,788290
01/06/2002,2002-01-06,370508,177606,548114
01/07/2002,2002-01-07,953807,568929,1522736
01/08/2002,2002-01-08,973200,585667,1558867
01/09/2002,2002-01-09,985622,591671,1577293
01/10/2002,2002-01-10,974188,591742,1565930
01/11/2002,2002-01-11,1006535,591718,1598253
01/12/2002,2002-01-12,565955,266826,832781
01/13/2002,2002-01-13,371378,176272,547650
01/14/2002,2002-01-14,985931,593642,1579573
01/15/2002,2002-01-15,983090,601489,1584579
01/16/2002,2002-01-16,955758,608009,1563767
01/17/2002,2002-01-17,968715,598282,1566997
01/18/2002,2002-01-18,967930,581331,1549261
01/19/2002,2002-01-19,556405,273407,829812
01/20/2002,2002-01-20,374069,180903,554972
01/21/2002,2002-01-21,648994,392312,1041306
01/22/2002,2002-01-22,1012565,603877,1616442
01/23/2002,2002-01-23,990484,600427,1590911
01/24/2002,2002-01-24,1007218,605974,1613192
01/25/2002,2002-01-25,1028432,601352,1629784
01/26/2002,2002-01-26,611356,283489,894845
01/27/2002,2002-01-27,408878,189116,597994
01/28/2002,2002-01-28,1009923,595606,1605529
01/29/2002,2002-01-29,979719,597598,1577317
01/30/2002,2002-01-30,936013,602737,1538750
01/31/2002,2002-01-31,879895,602988,1482883
02/01/2002,2002-02-01,954707,585087,1539794
02/02/2002,2002-02-02,614544,273954,888498
02/03/2002,2002-02-03,401958,180019,581977
02/04/2002,2002-02-04,988315,576117,1564432
02/05/2002,2002-02-05,997471,596800,1594271
02/06/2002,2002-02-06,1011650,597747,1609397
02/07/2002,2002-02-07,1011915,600731,1612646
02/08/2002,2002-02-08,1027036,594502,1621538
02/09/2002,2002-02-09,650477,296011,946488
02/10/2002,2002-02-10,379613,180097,559710
02/11/2002,2002-02-11,985014,592118,1577132
02/12/2002,2002-02-12,811567,541814,1353381
02/13/2002,2002-02-13,1019675,612626,1632301
02/14/2002,2002-02-14,1014122,609706,1623828
02/15/2002,2002-02-15,1007654,589737,1597391
02/16/2002,2002-02-16,617307,292835,910142
02/17/2002,2002-02-17,423922,209261,633183
02/18/2002,2002-02-18,759013,458524,1217537
02/19/2002,2002-02-19,985390,597374,1582764
02/20/2002,2002-02-20,986615,601360,1587975
02/21/2002,2002-02-21,977261,603816,1581077
02/22/2002,2002-02-22,1016162,592329,1608491
02/23/2002,2002-02-23,629609,292764,922373
02/24/2002,2002-02-24,421160,199343,620503
02/25/2002,2002-02-25,979843,581612,1561455
02/26/2002,2002-02-26,933204,587918,1521122
02/27/2002,2002-02-27,939542,587701,1527243
02/28/2002,2002-02-28,941136,592045,1533181
03/01/2002,2002-03-01,973482,593596,1567078
03/02/2002,2002-03-02,512767,264847,777614
03/03/2002,2002-03-03,331715,174890,506605
03/04/2002,2002-03-04,726815,493625,1220440
03/05/2002,2002-03-05,978944,588656,1567600
03/06/2002,2002-03-06,1008215,593126,1601341
03/07/2002,2002-03-07,1008102,594952,1603054
03/08/2002,2002-03-08,993813,587766,1581579
03/09/2002,2002-03-09,493346,254471,747817
03/10/2002,2002-03-10,361758,180401,542159
03/11/2002,2002-03-11,1008613,591093,1599706
03/12/2002,2002-03-12,1021380,612457,1633837
03/13/2002,2002-03-13,1022145,615718,1637863
03/14/2002,2002-03-14,1010579,607626,1618205
03/15/2002,2002-03-15,1005654,591415,1597069
03/16/2002,2002-03-16,615103,342098,957201
03/17/2002,2002-03-17,390344,189640,579984
03/18/2002,2002-03-18,992913,579486,1572399
03/19/2002,2002-03-19,990801,590290,1581091
03/20/2002,2002-03-20,993245,591401,1584646
03/21/2002,2002-03-21,930667,574802,1505469
03/22/2002,2002-03-22,961386,564876,1526262
03/23/2002,2002-03-23,617210,290118,907328
03/24/2002,2002-03-24,370997,190845,561842
03/25/2002,2002-03-25,895573,544841,1440414
03/26/2002,2002-03-26,938869,571086,1509955
03/27/2002,2002-03-27,989393,580724,1570117
03/28/2002,2002-03-28,965734,571056,1536790
03/29/2002,2002-03-29,755230,472276,1227506
03/30/2002,2002-03-30,616271,268843,885114
03/31/2002,2002-03-31,377026,158135,535161
04/01/2002,2002-04-01,971162,566861,1538023
04/02/2002,2002-04-02,970537,585155,1555692
04/03/2002,2002-04-03,1007100,597081,1604181
04/04/2002,2002-04-04,995075,600930,1596005
04/05/2002,2002-04-05,1014222,613919,1628141
04/06/2002,2002-04-06,639707,318104,957811
04/07/2002,2002-04-07,355354,180625,535979
04/08/2002,2002-04-08,937560,578417,1515977
04/09/2002,2002-04-09,1013106,607047,1620153
04/10/2002,2002-04-10,1020986,618972,1639958
04/11/2002,2002-04-11,1036014,629240,1665254
04/12/2002,2002-04-12,917031,591700,1508731
04/13/2002,2002-04-13,631465,308737,940202
04/14/2002,2002-04-14,438900,210876,649776
04/15/2002,2002-04-15,926258,586214,1512472
04/16/2002,2002-04-16,899896,599906,1499802
04/17/2002,2002-04-17,892185,593532,1485717
04/18/2002,2002-04-18,896865,594280,1491145
04/19/2002,2002-04-19,905545,591974,1497519
04/20/2002,2002-04-20,574009,300177,874186
04/21/2002,2002-04-21,356144,190405,546549
04/22/2002,2002-04-22,974101,583247,1557348
04/23/2002,2002-04-23,1021788,620463,1642251
04/24/2002,2002-04-24,918721,602085,1520806
04/25/2002,2002-04-25,1000933,626040,1626973
04/26/2002,2002-04-26,1026348,615024,1641372
04/27/2002,2002-04-27,513069,272746,785815
04/28/2002,2002-04-28,365481,201038,566519
04/29/2002,2002-04-29,1001321,584792,1586113
04/30/2002,2002-04-30,1000608,604417,1605025
05/01/2002,2002-05-01,1031532,605198,1636730
05/02/2002,2002-05-02,976392,598086,1574478
05/03/2002,2002-05-03,1075694,606513,1682207
05/04/2002,2002-05-04,660227,312131,972358
05/05/2002,2002-05-05,443915,207913,651828
05/06/2002,2002-05-06,994227,598141,1592368
05/07/2002,2002-05-07,1010608,616111,1626719
05/08/2002,2002-05-08,968509,600435,1568944
05/09/2002,2002-05-09,1009271,614202,1623473
05/10/2002,2002-05-10,1047188,609528,1656716
05/11/2002,2002-05-11,492841,252501,745342
05/12/2002,2002-05-12,358446,185931,544377
05/13/2002,2002-05-13,975822,570031,1545853
05/14/2002,2002-05-14,1009365,598752,1608117
05/15/2002,2002-05-15,1015551,600667,1616218
05/16/2002,2002-05-16,906240,579727,1485967
05/17/2002,2002-05-17,991682,583205,1574887
05/18/2002,2002-05-18,638862,298727,937589
05/19/2002,2002-05-19,419434,204421,623855
05/20/2002,2002-05-20,994112,582646,1576758
05/21/2002,2002-05-21,1008846,613667,1622513
05/22/2002,2002-05-22,999920,618307,1618227
05/23/2002,2002-05-23,969174,606199,1575373
05/24/2002,2002-05-24,995434,576461,1571895
05/25/2002,2002-05-25,558891,270672,829563
05/26/2002,2002-05-26,436570,216172,652742
05/27/2002,2002-05-27,395210,200876,596086
05/28/2002,2002-05-28,959547,588932,1548479
05/29/2002,2002-05-29,980049,601576,1581625
05/30/2002,2002-05-30,990460,606972,1597432
05/31/2002,2002-05-31,1040502,635809,1676311
06/01/2002,2002-06-01,667264,371223,1038487
06/02/2002,2002-06-02,423135,238648,661783
06/03/2002,2002-06-03,1001778,583147,1584925
06/04/2002,2002-06-04,915667,575065,1490732
06/05/2002,2002-06-05,1005307,602096,1607403
06/06/2002,2002-06-06,1044279,611344,1655623
06/07/2002,2002-06-07,1036716,606193,1642909
06/08/2002,2002-06-08,649574,323142,972716
06/09/2002,2002-06-09,446760,228298,675058
06/10/2002,2002-06-10,944065,583512,1527577
06/11/2002,2002-06-11,969387,604162,1573549
06/12/2002,2002-06-12,986714,606658,1593372
06/13/2002,2002-06-13,967153,596032,1563185
06/14/2002,2002-06-14,980140,605447,1585587
06/15/2002,2002-06-15,644968,318379,963347
06/16/2002,2002-06-16,456833,225229,682062
06/17/2002,2002-06-17,980090,576747,1556837
06/18/2002,2002-06-18,996706,619540,1616246
06/19/2002,2002-06-19,992928,618449,1611377
06/20/2002,2002-06-20,975703,628191,1603894
06/21/2002,2002-06-21,979910,616117,1596027
06/22/2002,2002-06-22,634013,341170,975183
06/23/2002,2002-06-23,444454,232456,676910
06/24/2002,2002-06-24,884749,597643,1482392
06/25/2002,2002-06-25,926613,600847,1527460
06/26/2002,2002-06-26,879533,601333,1480866
06/27/2002,2002-06-27,914452,613276,1527728
06/28/2002,2002-06-28,934562,650340,1584902
06/29/2002,2002-06-29,636792,369705,1006497
06/30/2002,2002-06-30,441101,309418,750519
07/01/2002,2002-07-01,948966,601509,1550475
07/02/2002,2002-07-02,955991,621541,1577532
07/03/2002,2002-07-03,1004276,785621,1789897
07/04/2002,2002-07-04,441126,279204,720330
07/05/2002,2002-07-05,807831,500685,1308516
07/06/2002,2002-07-06,597877,324834,922711
07/07/2002,2002-07-07,445916,256321,702237
07/08/2002,2002-07-08,929870,575055,1504925
07/09/2002,2002-07-09,919623,579348,1498971
07/10/2002,2002-07-10,941513,591208,1532721
07/11/2002,2002-07-11,969657,594276,1563933
07/12/2002,2002-07-12,963191,618865,1582056
07/13/2002,2002-07-13,624850,324416,949266
07/14/2002,2002-07-14,433166,239865,673031
07/15/2002,2002-07-15,949705,608087,1557792
07/16/2002,2002-07-16,946077,621832,1567909
07/17/2002,2002-07-17,931752,595378,1527130
07/18/2002,2002-07-18,942643,596288,1538931
07/19/2002,2002-07-19,960153,612971,1573124
07/20/2002,2002-07-20,635657,339113,974770
07/21/2002,2002-07-21,412477,229156,641633
07/22/2002,2002-07-22,900537,595784,1496321
07/23/2002,2002-07-23,955084,623156,1578240
07/24/2002,2002-07-24,945502,617518,1563020
07/25/2002,2002-07-25,931679,608190,1539869
07/26/2002,2002-07-26,942389,590601,1532990
07/27/2002,2002-07-27,595484,327980,923464
07/28/2002,2002-07-28,414913,215040,629953
07/29/2002,2002-07-29,893147,565324,1458471
07/30/2002,2002-07-30,934322,614162,1548484
07/31/2002,2002-07-31,912632,603775,1516407
08/01/2002,2002-08-01,969159,607964,1577123
08/02/2002,2002-08-02,1004199,612785,1616984
08/03/2002,2002-08-03,674990,325279,1000269
08/04/2002,2002-08-04,451144,234620,685764
08/05/2002,2002-08-05,941406,569627,1511033
08/06/2002,2002-08-06,955681,592722,1548403
08/07/2002,2002-08-07,940727,585313,1526040
08/08/2002,2002-08-08,945096,589840,1534936
08/09/2002,2002-08-09,968109,592938,1561047
08/10/2002,2002-08-10,667701,340015,1007716
08/11/2002,2002-08-11,437332,230526,667858
08/12/2002,2002-08-12,908503,579800,1488303
08/13/2002,2002-08-13,871791,578996,1450787
08/14/2002,2002-08-14,893558,586107,1479665
08/15/2002,2002-08-15,920323,599375,1519698
08/16/2002,2002-08-16,903666,592393,1496059
08/17/2002,2002-08-17,644076,340569,984645
08/18/2002,2002-08-18,490868,285298,776166
08/19/2002,2002-08-19,847798,545503,1393301
08/20/2002,2002-08-20,918696,586734,1505430
08/21/2002,2002-08-21,904673,572717,1477390
08/22/2002,2002-08-22,829797,533893,1363690
08/23/2002,2002-08-23,903292,570031,1473323
08/24/2002,2002-08-24,625725,308392,934117
08/25/2002,2002-08-25,441076,227484,668560
08/26/2002,2002-08-26,920546,572967,1493513
08/27/2002,2002-08-27,923644,596884,1520528
08/28/2002,2002-08-28,922170,590348,1512518
08/29/2002,2002-08-29,808555,532322,1340877
08/30/2002,2002-08-30,987793,608056,1595849
08/31/2002,2002-08-31,666152,345777,1011929
09/01/2002,2002-09-01,477226,257229,734455
09/02/2002,2002-09-02,381482,201136,582618
09/03/2002,2002-09-03,1106907,625970,1732877
09/04/2002,2002-09-04,1087925,634665,1722590
09/05/2002,2002-09-05,1083538,634950,1718488
09/06/2002,2002-09-06,1082951,634809,1717760
09/07/2002,2002-09-07,643335,318886,962221
09/08/2002,2002-09-08,439942,218716,658658
09/09/2002,2002-09-09,1071206,630453,1701659
09/10/2002,2002-09-10,1050992,640278,1691270
09/11/2002,2002-09-11,1045640,631554,1677194
09/12/2002,2002-09-12,1059762,645114,1704876
09/13/2002,2002-09-13,1064345,655102,1719447
09/14/2002,2002-09-14,642689,327322,970011
09/15/2002,2002-09-15,421429,221310,642739
09/16/2002,2002-09-16,1049667,617848,1667515
09/17/2002,2002-09-17,1064546,644444,1708990
09/18/2002,2002-09-18,1039162,643763,1682925
09/19/2002,2002-09-19,1038608,640884,1679492
09/20/2002,2002-09-20,1019280,626196,1645476
09/21/2002,2002-09-21,674983,330553,1005536
09/22/2002,2002-09-22,416973,215142,632115
09/23/2002,2002-09-23,1055515,637798,1693313
09/24/2002,2002-09-24,1055580,664958,1720538
09/25/2002,2002-09-25,1064437,666345,1730782
09/26/2002,2002-09-26,1057421,662347,1719768
09/27/2002,2002-09-27,1058970,651373,1710343
09/28/2002,2002-09-28,632188,338847,971035
09/29/2002,2002-09-29,421618,232441,654059
09/30/2002,2002-09-30,1048696,634065,1682761
10/01/2002,2002-10-01,1098830,653561,1752391
10/02/2002,2002-10-02,1059836,648879,1708715
10/03/2002,2002-10-03,1100107,655905,1756012
10/04/2002,2002-10-04,1024955,626723,1651678
10/05/2002,2002-10-05,672805,338207,1011012
10/06/2002,2002-10-06,423210,223075,646285
10/07/2002,2002-10-07,1086922,641838,1728760
10/08/2002,2002-10-08,1074824,650758,1725582
10/09/2002,2002-10-09,1064324,648974,1713298
10/10/2002,2002-10-10,1072954,655002,1727956
10/11/2002,2002-10-11,1074197,658585,1732782
10/12/2002,2002-10-12,612527,332781,945308
10/13/2002,2002-10-13,407917,323103,731020
10/14/2002,2002-10-14,806818,542057,1348875
10/15/2002,2002-10-15,1068455,653527,1721982
10/16/2002,2002-10-16,1036205,645880,1682085
10/17/2002,2002-10-17,1030300,645590,1675890
10/18/2002,2002-10-18,1059316,643043,1702359
10/19/2002,2002-10-19,654965,333538,988503
10/20/2002,2002-10-20,424767,222167,646934
10/21/2002,2002-10-21,1057968,632256,1690224
10/22/2002,2002-10-22,1047657,645112,1692769
10/23/2002,2002-10-23,1013066,635553,1648619
10/24/2002,2002-10-24,1014798,642039,1656837
10/25/2002,2002-10-25,1022926,632981,1655907
10/26/2002,2002-10-26,626185,331030,957215
10/27/2002,2002-10-27,413385,217556,630941
10/28/2002,2002-10-28,1041265,628314,1669579
10/29/2002,2002-10-29,1025525,636398,1661923
10/30/2002,2002-10-30,1036745,639993,1676738
10/31/2002,2002-10-31,1000155,635297,1635452
11/01/2002,2002-11-01,1069031,628183,1697214
11/02/2002,2002-11-02,647400,313106,960506
11/03/2002,2002-11-03,418620,211506,630126
11/04/2002,2002-11-04,1072235,633872,1706107
11/05/2002,2002-11-05,994530,613203,1607733
11/06/2002,2002-11-06,1045767,644971,1690738
11/07/2002,2002-11-07,1065889,664817,1730706
11/08/2002,2002-11-08,995294,646927,1642221
11/09/2002,2002-11-09,630142,329264,959406
11/10/2002,2002-11-10,419858,220134,639992
11/11/2002,2002-11-11,780558,519021,1299579
11/12/2002,2002-11-12,1029700,637242,1666942
11/13/2002,2002-11-13,1035982,635224,1671206
11/14/2002,2002-11-14,956533,625010,1581543
11/15/2002,2002-11-15,1042694,630267,1672961
11/16/2002,2002-11-16,600110,314114,914224
11/17/2002,2002-11-17,393692,204651,598343
11/18/2002,2002-11-18,1018831,619368,1638199
11/19/2002,2002-11-19,1058349,638719,1697068
11/20/2002,2002-11-20,1033748,630680,1664428
11/21/2002,2002-11-21,983825,621257,1605082
11/22/2002,2002-11-22,1030889,618981,1649870
11/23/2002,2002-11-23,631388,353053,984441
11/24/2002,2002-11-24,393321,202257,595578
11/25/2002,2002-11-25,992101,602628,1594729
11/26/2002,2002-11-26,959679,611673,1571352
11/27/2002,2002-11-27,946620,584367,1530987
11/28/2002,2002-11-28,297477,145995,443472
11/29/2002,2002-11-29,676405,367260,1043665
11/30/2002,2002-11-30,525319,255100,780419
12/01/2002,2002-12-01,362192,187150,549342
12/02/2002,2002-12-02,966808,598780,1565588
12/03/2002,2002-12-03,1007666,622071,1629737
12/04/2002,2002-12-04,1003459,610601,1614060
12/05/2002,2002-12-05,1005218,607822,1613040
12/06/2002,2002-12-06,1018401,602004,1620405
12/07/2002,2002-12-07,627855,318034,945889
12/08/2002,2002-12-08,396717,202070,598787
12/09/2002,2002-12-09,994622,575116,1569738
12/10/2002,2002-12-10,1030456,601656,1632112
12/11/2002,2002-12-11,1021640,603601,1625241
12/12/2002,2002-12-12,1015667,602683,1618350
12/13/2002,2002-12-13,1020480,600852,1621332
12/14/2002,2002-12-14,653848,325639,979487
12/15/2002,2002-12-15,435253,216394,651647
12/16/2002,2002-12-16,1003932,577286,1581218
12/17/2002,2002-12-17,985528,583328,1568856
12/18/2002,2002-12-18,939870,571921,1511791
12/19/2002,2002-12-19,1020038,590493,1610531
12/20/2002,2002-12-20,984913,565925,1550838
12/21/2002,2002-12-21,614025,284719,898744
12/22/2002,2002-12-22,404210,194323,598533
12/23/2002,2002-12-23,827316,467245,1294561
12/24/2002,2002-12-24,621673,319916,941589
12/25/2002,2002-12-25,237547,96846,334393
12/26/2002,2002-12-26,661076,372317,1033393
12/27/2002,2002-12-27,744896,424575,1169471
12/28/2002,2002-12-28,528087,236606,764693
12/29/2002,2002-12-29,380197,181081,561278
12/30/2002,2002-12-30,773707,469806,1243513
12/31/2002,2002-12-31,792623,456865,1249488
01/01/2003,2003-01-01,325478,169985,495463
01/02/2003,2003-01-02,757781,484840,1242621
01/03/2003,2003-01-03,861580,515985,1377565
01/04/2003,2003-01-04,570941,255217,826158
01/05/2003,2003-01-05,377813,177159,554972
01/06/2003,2003-01-06,982617,574868,1557485
01/07/2003,2003-01-07,982542,580676,1563218
01/08/2003,2003-01-08,1011812,592758,1604570
01/09/2003,2003-01-09,979678,586435,1566113
01/10/2003,2003-01-10,963808,567691,1531499
01/11/2003,2003-01-11,506478,250051,756529
01/12/2003,2003-01-12,346918,171467,518385
01/13/2003,2003-01-13,973653,585781,1559434
01/14/2003,2003-01-14,940805,594400,1535205
01/15/2003,2003-01-15,928578,583104,1511682
01/16/2003,2003-01-16,945280,591915,1537195
01/17/2003,2003-01-17,973358,584772,1558130
01/18/2003,2003-01-18,512435,261058,773493
01/19/2003,2003-01-19,327279,172937,500216
01/20/2003,2003-01-20,604089,375958,980047
01/21/2003,2003-01-21,954156,590827,1544983
01/22/2003,2003-01-22,912033,572491,1484524
01/23/2003,2003-01-23,822317,541015,1363332
01/24/2003,2003-01-24,893501,546353,1439854
01/25/2003,2003-01-25,547944,259287,807231
01/26/2003,2003-01-26,335046,168783,503829
01/27/2003,2003-01-27,922033,564295,1486328
01/28/2003,2003-01-28,952120,598146,1550266
01/29/2003,2003-01-29,970605,594588,1565193
01/30/2003,2003-01-30,993731,601060,1594791
01/31/2003,2003-01-31,929004,577555,1506559
02/01/2003,2003-02-01,639705,291226,930931
02/02/2003,2003-02-02,415598,192294,607892
02/03/2003,2003-02-03,1039918,596186,1636104
02/04/2003,2003-02-04,980582,597044,1577626
02/05/2003,2003-02-05,961776,585552,1547328
02/06/2003,2003-02-06,981973,596888,1578861
02/07/2003,2003-02-07,953979,573249,1527228
02/08/2003,2003-02-08,563430,270521,833951
02/09/2003,2003-02-09,367964,180861,548825
02/10/2003,2003-02-10,948507,584120,1532627
02/11/2003,2003-02-11,928346,592292,1520638
02/12/2003,2003-02-12,749254,523192,1272446
02/13/2003,2003-02-13,978871,597819,1576690
02/14/2003,2003-02-14,985806,594045,1579851
02/15/2003,2003-02-15,543945,271823,815768
02/16/2003,2003-02-16,365939,188276,554215
02/17/2003,2003-02-17,709845,447938,1157783
02/18/2003,2003-02-18,974450,604717,1579167
02/19/2003,2003-02-19,982943,605097,1588040
02/20/2003,2003-02-20,988095,611766,1599861
02/21/2003,2003-02-21,1005940,601156,1607096
02/22/2003,2003-02-22,529921,276538,806459
02/23/2003,2003-02-23,377363,185905,563268
02/24/2003,2003-02-24,908324,574013,1482337
02/25/2003,2003-02-25,897857,572520,1470377
02/26/2003,2003-02-26,939161,588630,1527791
02/27/2003,2003-02-27,951569,599144,1550713
02/28/2003,2003-02-28,1011530,597504,1609034
03/01/2003,2003-03-01,610177,291264,901441
03/02/2003,2003-03-02,347417,182200,529617
03/03/2003,2003-03-03,822165,535306,1357471
03/04/2003,2003-03-04,964967,606043,1571010
03/05/2003,2003-03-05,868551,583929,1452480
03/06/2003,2003-03-06,874641,573715,1448356
03/07/2003,2003-03-07,980484,584273,1564757
03/08/2003,2003-03-08,550093,274523,824616
03/09/2003,2003-03-09,335884,177874,513758
03/10/2003,2003-03-10,916661,573635,1490296
03/11/2003,2003-03-11,971894,601034,1572928
03/12/2003,2003-03-12,981590,604333,1585923
03/13/2003,2003-03-13,978881,609896,1588777
03/14/2003,2003-03-14,1009566,615377,1624943
03/15/2003,2003-03-15,637081,381570,1018651
03/16/2003,2003-03-16,429227,235438,664665
03/17/2003,2003-03-17,976703,597982,1574685
03/18/2003,2003-03-18,963349,596226,1559575
03/19/2003,2003-03-19,938499,586881,1525380
03/20/2003,2003-03-20,936654,594341,1530995
03/21/2003,2003-03-21,967479,588655,1556134
03/22/2003,2003-03-22,577660,292329,869989
03/23/2003,2003-03-23,410745,215626,626371
03/24/2003,2003-03-24,962889,584149,1547038
03/25/2003,2003-03-25,973017,594589,1567606
03/26/2003,2003-03-26,968581,594924,1563505
03/27/2003,2003-03-27,969195,593676,1562871
03/28/2003,2003-03-28,815984,552242,1368226
03/29/2003,2003-03-29,555638,280361,835999
03/30/2003,2003-03-30,372071,191109,563180
03/31/2003,2003-03-31,973924,577834,1551758
04/01/2003,2003-04-01,1028531,603564,1632095
04/02/2003,2003-04-02,1020829,602855,1623684
04/03/2003,2003-04-03,995062,592074,1587136
04/04/2003,2003-04-04,912458,572837,1485295
04/05/2003,2003-04-05,593273,293496,886769
04/06/2003,2003-04-06,370275,188467,558742
04/07/2003,2003-04-07,873605,565391,1438996
04/08/2003,2003-04-08,947482,599769,1547251
04/09/2003,2003-04-09,986992,611985,1598977
04/10/2003,2003-04-10,1007977,624279,1632256
04/11/2003,2003-04-11,912918,600667,1513585
04/12/2003,2003-04-12,602670,321354,924024
04/13/2003,2003-04-13,407540,219553,627093
04/14/2003,2003-04-14,904517,593473,1497990
04/15/2003,2003-04-15,894368,606461,1500829
04/16/2003,2003-04-16,836328,578259,1414587
04/17/2003,2003-04-17,815274,563613,1378887
04/18/2003,2003-04-18,769997,482196,1252193
04/19/2003,2003-04-19,562148,263464,825612
04/20/2003,2003-04-20,368478,172399,540877
04/21/2003,2003-04-21,925231,572442,1497673
04/22/2003,2003-04-22,964240,617403,1581643
04/23/2003,2003-04-23,923474,613127,1536601
04/24/2003,2003-04-24,961316,620140,1581456
04/25/2003,2003-04-25,979369,595103,1574472
04/26/2003,2003-04-26,588057,300728,888785
04/27/2003,2003-04-27,403462,210716,614178
04/28/2003,2003-04-28,962103,582145,1544248
04/29/2003,2003-04-29,958977,595629,1554606
04/30/2003,2003-04-30,828642,567596,1396238
05/01/2003,2003-05-01,971218,597161,1568379
05/02/2003,2003-05-02,1039212,616460,1655672
05/03/2003,2003-05-03,645503,335590,981093
05/04/2003,2003-05-04,395799,214366,610165
05/05/2003,2003-05-05,1006467,608082,1614549
05/06/2003,2003-05-06,1007795,626276,1634071
05/07/2003,2003-05-07,977279,610370,1587649
05/08/2003,2003-05-08,984692,605164,1589856
05/09/2003,2003-05-09,992211,616706,1608917
05/10/2003,2003-05-10,577508,301857,879365
05/11/2003,2003-05-11,322449,193398,515847
05/12/2003,2003-05-12,956974,580553,1537527
05/13/2003,2003-05-13,981698,602563,1584261
05/14/2003,2003-05-14,911890,583198,1495088
05/15/2003,2003-05-15,971525,598384,1569909
05/16/2003,2003-05-16,999630,589910,1589540
05/17/2003,2003-05-17,614484,304723,919207
05/18/2003,2003-05-18,403043,207860,610903
05/19/2003,2003-05-19,961806,579665,1541471
05/20/2003,2003-05-20,966295,594508,1560803
05/21/2003,2003-05-21,992696,592768,1585464
05/22/2003,2003-05-22,967683,590893,1558576
05/23/2003,2003-05-23,969112,575372,1544484
05/24/2003,2003-05-24,591523,301068,892591
05/25/2003,2003-05-25,408454,223466,631920
05/26/2003,2003-05-26,380796,224023,604819
05/27/2003,2003-05-27,961009,597804,1558813
05/28/2003,2003-05-28,910537,586704,1497241
05/29/2003,2003-05-29,961715,595331,1557046
05/30/2003,2003-05-30,988281,613622,1601903
05/31/2003,2003-05-31,575015,318134,893149
06/01/2003,2003-06-01,422827,245291,668118
06/02/2003,2003-06-02,978201,583126,1561327
06/03/2003,2003-06-03,992041,610279,1602320
06/04/2003,2003-06-04,997077,615414,1612491
06/05/2003,2003-06-05,991907,622481,1614388
06/06/2003,2003-06-06,962917,615632,1578549
06/07/2003,2003-06-07,634650,354198,988848
06/08/2003,2003-06-08,380953,229228,610181
06/09/2003,2003-06-09,987516,590887,1578403
06/10/2003,2003-06-10,940459,596552,1537011
06/11/2003,2003-06-11,961149,607043,1568192
06/12/2003,2003-06-12,969572,604883,1574455
06/13/2003,2003-06-13,976147,592987,1569134
06/14/2003,2003-06-14,626911,320029,946940
06/15/2003,2003-06-15,421515,221822,643337
06/16/2003,2003-06-16,955066,581387,1536453
06/17/2003,2003-06-17,965718,601420,1567138
06/18/2003,2003-06-18,897454,587986,1485440
06/19/2003,2003-06-19,946693,596124,1542817
06/20/2003,2003-06-20,938177,611219,1549396
06/21/2003,2003-06-21,610796,345895,956691
06/22/2003,2003-06-22,423283,242077,665360
06/23/2003,2003-06-23,855955,568379,1424334
06/24/2003,2003-06-24,928442,620552,1548994
06/25/2003,2003-06-25,841205,603880,1445085
06/26/2003,2003-06-26,833307,600660,1433967
06/27/2003,2003-06-27,890776,661150,1551926
06/28/2003,2003-06-28,561500,350162,911662
06/29/2003,2003-06-29,421380,329753,751133
06/30/2003,2003-06-30,884729,611874,1496603
07/01/2003,2003-07-01,957351,634210,1591561
07/02/2003,2003-07-02,936777,640212,1576989
07/03/2003,2003-07-03,983110,790702,1773812
07/04/2003,2003-07-04,471591,347887,819478
07/05/2003,2003-07-05,549605,363309,912914
07/06/2003,2003-07-06,389816,269228,659044
07/07/2003,2003-07-07,852771,569437,1422208
07/08/2003,2003-07-08,846175,579733,1425908
07/09/2003,2003-07-09,871942,598967,1470909
07/10/2003,2003-07-10,893195,614469,1507664
07/11/2003,2003-07-11,907669,615433,1523102
07/12/2003,2003-07-12,607118,339152,946270
07/13/2003,2003-07-13,421579,257051,678630
07/14/2003,2003-07-14,905206,611190,1516396
07/15/2003,2003-07-15,874304,618204,1492508
07/16/2003,2003-07-16,915630,597927,1513557
07/17/2003,2003-07-17,861722,579675,1441397
07/18/2003,2003-07-18,902204,590356,1492560
07/19/2003,2003-07-19,619480,324535,944015
07/20/2003,2003-07-20,403847,224010,627857
07/21/2003,2003-07-21,883219,578363,1461582
07/22/2003,2003-07-22,889426,590880,1480306
07/23/2003,2003-07-23,906650,622160,1528810
07/24/2003,2003-07-24,896387,622281,1518668
07/25/2003,2003-07-25,903368,591792,1495160
07/26/2003,2003-07-26,584819,312502,897321
07/27/2003,2003-07-27,367151,222589,589740
07/28/2003,2003-07-28,849172,562933,1412105
07/29/2003,2003-07-29,903830,615414,1519244
07/30/2003,2003-07-30,880392,616406,1496798
07/31/2003,2003-07-31,889575,617395,1506970
08/01/2003,2003-08-01,912597,605206,1517803
08/02/2003,2003-08-02,678701,399990,1078691
08/03/2003,2003-08-03,387659,244986,632645
08/04/2003,2003-08-04,920408,585024,1505432
08/05/2003,2003-08-05,918113,600556,1518669
08/06/2003,2003-08-06,883115,581895,1465010
08/07/2003,2003-08-07,923161,584026,1507187
08/08/2003,2003-08-08,903597,583831,1487428
08/09/2003,2003-08-09,638279,371415,1009694
08/10/2003,2003-08-10,418764,244876,663640
08/11/2003,2003-08-11,806587,566910,1373497
08/12/2003,2003-08-12,864526,595230,1459756
08/13/2003,2003-08-13,875224,614427,1489651
08/14/2003,2003-08-14,857542,592601,1450143
08/15/2003,2003-08-15,873580,602111,1475691
08/16/2003,2003-08-16,627785,363117,990902
08/17/2003,2003-08-17,462931,290507,753438
08/18/2003,2003-08-18,821919,559214,1381133
08/19/2003,2003-08-19,853603,577418,1431021
08/20/2003,2003-08-20,838351,567116,1405467
08/21/2003,2003-08-21,820578,562565,1383143
08/22/2003,2003-08-22,867524,576202,1443726
08/23/2003,2003-08-23,585510,313035,898545
08/24/2003,2003-08-24,408305,227185,635490
08/25/2003,2003-08-25,850528,561134,1411662
08/26/2003,2003-08-26,836703,573211,1409914
08/27/2003,2003-08-27,862298,578962,1441260
08/28/2003,2003-08-28,857707,578781,1436488
08/29/2003,2003-08-29,902436,604839,1507275
08/30/2003,2003-08-30,622090,339474,961564
08/31/2003,2003-08-31,396860,242605,639465
09/01/2003,2003-09-01,326772,199296,526068
09/02/2003,2003-09-02,1025978,648864,1674842
09/03/2003,2003-09-03,1059974,650319,1710293
09/04/2003,2003-09-04,1040002,652383,1692385
09/05/2003,2003-09-05,1044868,634834,1679702
09/06/2003,2003-09-06,625347,334013,959360
09/07/2003,2003-09-07,421385,222973,644358
09/08/2003,2003-09-08,1028540,623072,1651612
09/09/2003,2003-09-09,1030074,632686,1662760
09/10/2003,2003-09-10,1019275,645858,1665133
09/11/2003,2003-09-11,1018196,639732,1657928
09/12/2003,2003-09-12,1002297,650171,1652468
09/13/2003,2003-09-13,601330,350594,951924
09/14/2003,2003-09-14,386248,235410,621658
09/15/2003,2003-09-15,1015639,653569,1669208
09/16/2003,2003-09-16,1033950,663607,1697557
09/17/2003,2003-09-17,1023215,663761,1686976
09/18/2003,2003-09-18,1023301,647465,1670766
09/19/2003,2003-09-19,1019769,642616,1662385
09/20/2003,2003-09-20,618523,338787,957310
09/21/2003,2003-09-21,421320,231095,652415
09/22/2003,2003-09-22,992288,638244,1630532
09/23/2003,2003-09-23,1023379,655433,1678812
09/24/2003,2003-09-24,973736,643836,1617572
09/25/2003,2003-09-25,1006367,648354,1654721
09/26/2003,2003-09-26,939175,643987,1583162
09/27/2003,2003-09-27,591935,358390,950325
09/28/2003,2003-09-28,377248,236781,614029
09/29/2003,2003-09-29,1001427,637350,1638777
09/30/2003,2003-09-30,1000725,637394,1638119
10/01/2003,2003-10-01,1051684,644239,1695923
10/02/2003,2003-10-02,1016259,641608,1657867
10/03/2003,2003-10-03,999345,667963,1667308
10/04/2003,2003-10-04,651128,383554,1034682
10/05/2003,2003-10-05,428277,236860,665137
10/06/2003,2003-10-06,1018276,618461,1636737
10/07/2003,2003-10-07,1051869,699907,1751776
10/08/2003,2003-10-08,1026066,693316,1719382
10/09/2003,2003-10-09,1011003,650911,1661914
10/10/2003,2003-10-10,1031598,661985,1693583
10/11/2003,2003-10-11,628499,366667,995166
10/12/2003,2003-10-12,411927,351185,763112
10/13/2003,2003-10-13,780132,547856,1327988
10/14/2003,2003-10-14,928265,691539,1619804
10/15/2003,2003-10-15,1026737,711785,1738522
10/16/2003,2003-10-16,1013203,650877,1664080
10/17/2003,2003-10-17,1023752,651230,1674982
10/18/2003,2003-10-18,633461,362376,995837
10/19/2003,2003-10-19,422713,241241,663954
10/20/2003,2003-10-20,1077011,632330,1709341
10/21/2003,2003-10-21,958546,644683,1603229
10/22/2003,2003-10-22,1003925,640420,1644345
10/23/2003,2003-10-23,1008328,644198,1652526
10/24/2003,2003-10-24,1008879,639483,1648362
10/25/2003,2003-10-25,615584,332732,948316
10/26/2003,2003-10-26,395925,231808,627733
10/27/2003,2003-10-27,990268,620687,1610955
10/28/2003,2003-10-28,978501,631318,1609819
10/29/2003,2003-10-29,986799,637933,1624732
10/30/2003,2003-10-30,1006074,652674,1658748
10/31/2003,2003-10-31,996142,628603,1624745
11/01/2003,2003-11-01,606945,309648,916593
11/02/2003,2003-11-02,397515,215452,612967
11/03/2003,2003-11-03,1007989,614598,1622587
11/04/2003,2003-11-04,1003988,630296,1634284
11/05/2003,2003-11-05,1015157,639104,1654261
11/06/2003,2003-11-06,1015139,644961,1660100
11/07/2003,2003-11-07,906629,620991,1527620
11/08/2003,2003-11-08,566334,320811,887145
11/09/2003,2003-11-09,383993,221796,605789
11/10/2003,2003-11-10,981163,606222,1587385
11/11/2003,2003-11-11,789039,542871,1331910
11/12/2003,2003-11-12,977852,627509,1605361
11/13/2003,2003-11-13,901163,616525,1517688
11/14/2003,2003-11-14,964479,632553,1597032
11/15/2003,2003-11-15,567411,334186,901597
11/16/2003,2003-11-16,382584,222633,605217
11/17/2003,2003-11-17,996959,618428,1615387
11/18/2003,2003-11-18,881272,608253,1489525
11/19/2003,2003-11-19,1011052,632045,1643097
11/20/2003,2003-11-20,1006072,638332,1644404
11/21/2003,2003-11-21,1004115,626155,1630270
11/22/2003,2003-11-22,608476,361622,970098
11/23/2003,2003-11-23,352918,202523,555441
11/24/2003,2003-11-24,897941,583860,1481801
11/25/2003,2003-11-25,945699,602970,1548669
11/26/2003,2003-11-26,930556,579257,1509813
11/27/2003,2003-11-27,292469,153251,445720
11/28/2003,2003-11-28,557794,344266,902060
11/29/2003,2003-11-29,484077,265968,750045
11/30/2003,2003-11-30,378933,217629,596562
12/01/2003,2003-12-01,998632,601364,1599996
12/02/2003,2003-12-02,984587,605675,1590262
12/03/2003,2003-12-03,1002993,613563,1616556
12/04/2003,2003-12-04,962556,610322,1572878
12/05/2003,2003-12-05,968576,606672,1575248
12/06/2003,2003-12-06,587823,326475,914298
12/07/2003,2003-12-07,393784,214938,608722
12/08/2003,2003-12-08,975766,586022,1561788
12/09/2003,2003-12-09,959147,594395,1553542
12/10/2003,2003-12-10,945145,597600,1542745
12/11/2003,2003-12-11,936467,591327,1527794
12/12/2003,2003-12-12,912540,575833,1488373
12/13/2003,2003-12-13,544810,305519,850329
12/14/2003,2003-12-14,369050,209939,578989
12/15/2003,2003-12-15,936119,568654,1504773
12/16/2003,2003-12-16,926650,576496,1503146
12/17/2003,2003-12-17,925481,573820,1499301
12/18/2003,2003-12-18,917919,567624,1485543
12/19/2003,2003-12-19,926113,555922,1482035
12/20/2003,2003-12-20,564850,289142,853992
12/21/2003,2003-12-21,415703,218944,634647
12/22/2003,2003-12-22,797301,508014,1305315
12/23/2003,2003-12-23,770607,486462,1257069
12/24/2003,2003-12-24,610061,333655,943716
12/25/2003,2003-12-25,247349,101016,348365
12/26/2003,2003-12-26,605667,321094,926761
12/27/2003,2003-12-27,507042,232980,740022
12/28/2003,2003-12-28,358852,178624,537476
12/29/2003,2003-12-29,732494,461979,1194473
12/30/2003,2003-12-30,725126,474545,1199671
12/31/2003,2003-12-31,678329,430971,1109300
01/01/2004,2004-01-01,300347,174003,474350
01/02/2004,2004-01-02,754051,421851,1175902
01/03/2004,2004-01-03,560436,250130,810566
01/04/2004,2004-01-04,303611,162880,466491
01/05/2004,2004-01-05,894467,548650,1443117
01/06/2004,2004-01-06,788158,516396,1304554
01/07/2004,2004-01-07,851011,536299,1387310
01/08/2004,2004-01-08,903950,556891,1460841
01/09/2004,2004-01-09,929117,560519,1489636
01/10/2004,2004-01-10,526469,261687,788156
01/11/2004,2004-01-11,368655,180035,548690
01/12/2004,2004-01-12,982070,588906,1570976
01/13/2004,2004-01-13,977382,596765,1574147
01/14/2004,2004-01-14,956180,591625,1547805
01/15/2004,2004-01-15,962171,590965,1553136
01/16/2004,2004-01-16,969715,578153,1547868
01/17/2004,2004-01-17,534831,278142,812973
01/18/2004,2004-01-18,342002,178641,520643
01/19/2004,2004-01-19,557712,353859,911571
01/20/2004,2004-01-20,939415,572634,1512049
01/21/2004,2004-01-21,949321,576593,1525914
01/22/2004,2004-01-22,854150,542344,1396494
01/23/2004,2004-01-23,903734,550366,1454100
01/24/2004,2004-01-24,521800,263571,785371
01/25/2004,2004-01-25,343967,176977,520944
01/26/2004,2004-01-26,925536,566031,1491567
01/27/2004,2004-01-27,906997,586852,1493849
01/28/2004,2004-01-28,887763,565269,1453032
01/29/2004,2004-01-29,855905,553448,1409353
01/30/2004,2004-01-30,756185,500887,1257072
01/31/2004,2004-01-31,531967,246213,778180
02/01/2004,2004-02-01,355491,170793,526284
02/02/2004,2004-02-02,914997,566503,1481500
02/03/2004,2004-02-03,957823,591153,1548976
02/04/2004,2004-02-04,947079,581672,1528751
02/05/2004,2004-02-05,931453,586671,1518124
02/06/2004,2004-02-06,937566,572957,1510523
02/07/2004,2004-02-07,553301,281792,835093
02/08/2004,2004-02-08,369314,185893,555207
02/09/2004,2004-02-09,948814,578071,1526885
02/10/2004,2004-02-10,948181,593014,1541195
02/11/2004,2004-02-11,959174,594399,1553573
02/12/2004,2004-02-12,796644,537211,1333855
02/13/2004,2004-02-13,958969,580969,1539938
02/14/2004,2004-02-14,610834,301728,912562
02/15/2004,2004-02-15,368733,191759,560492
02/16/2004,2004-02-16,684054,441539,1125593
02/17/2004,2004-02-17,966524,596810,1563334
02/18/2004,2004-02-18,957521,593575,1551096
02/19/2004,2004-02-19,971162,601442,1572604
02/20/2004,2004-02-20,933678,580459,1514137
02/21/2004,2004-02-21,585429,288901,874330
02/22/2004,2004-02-22,402374,187329,589703
02/23/2004,2004-02-23,954873,577436,1532309
02/24/2004,2004-02-24,957453,588493,1545946
02/25/2004,2004-02-25,967236,596639,1563875
02/26/2004,2004-02-26,973201,598172,1571373
02/27/2004,2004-02-27,980935,589768,1570703
02/28/2004,2004-02-28,607923,310337,918260
02/29/2004,2004-02-29,413029,208258,621287
03/01/2004,2004-03-01,828169,534603,1362772
03/02/2004,2004-03-02,992418,597880,1590298
03/03/2004,2004-03-03,1007360,594376,1601736
03/04/2004,2004-03-04,936797,584225,1521022
03/05/2004,2004-03-05,939138,575845,1514983
03/06/2004,2004-03-06,602180,296173,898353
03/07/2004,2004-03-07,370231,186924,557155
03/08/2004,2004-03-08,969634,585973,1555607
03/09/2004,2004-03-09,965244,597735,1562979
03/10/2004,2004-03-10,973415,601851,1575266
03/11/2004,2004-03-11,927076,589420,1516496
03/12/2004,2004-03-12,942238,580254,1522492
03/13/2004,2004-03-13,587662,342986,930648
03/14/2004,2004-03-14,376244,200734,576978
03/15/2004,2004-03-15,953320,580038,1533358
03/16/2004,2004-03-16,942197,582515,1524712
03/17/2004,2004-03-17,932468,589641,1522109
03/18/2004,2004-03-18,934303,588303,1522606
03/19/2004,2004-03-19,988154,593249,1581403
03/20/2004,2004-03-20,607378,311130,918508
03/21/2004,2004-03-21,365502,189403,554905
03/22/2004,2004-03-22,941254,559786,1501040
03/23/2004,2004-03-23,966919,579228,1546147
03/24/2004,2004-03-24,917804,565878,1483682
03/25/2004,2004-03-25,948790,577094,1525884
03/26/2004,2004-03-26,858131,557755,1415886
03/27/2004,2004-03-27,585553,300842,886395
03/28/2004,2004-03-28,377339,215088,592427
03/29/2004,2004-03-29,949103,573929,1523032
03/30/2004,2004-03-30,949847,579487,1529334
03/31/2004,2004-03-31,943445,579344,1522789
04/01/2004,2004-04-01,1000741,592854,1593595
04/02/2004,2004-04-02,1012716,589043,1601759
04/03/2004,2004-04-03,633629,304787,938416
04/04/2004,2004-04-04,407772,198468,606240
04/05/2004,2004-04-05,971292,571811,1543103
04/06/2004,2004-04-06,977036,585618,1562654
04/07/2004,2004-04-07,975244,592042,1567286
04/08/2004,2004-04-08,967733,588420,1556153
04/09/2004,2004-04-09,799356,490037,1289393
04/10/2004,2004-04-10,568003,263036,831039
04/11/2004,2004-04-11,372246,162703,534949
04/12/2004,2004-04-12,809673,560649,1370322
04/13/2004,2004-04-13,831527,571813,1403340
04/14/2004,2004-04-14,859829,593419,1453248
04/15/2004,2004-04-15,864352,601171,1465523
04/16/2004,2004-04-16,861336,600132,1461468
04/17/2004,2004-04-17,596237,331377,927614
04/18/2004,2004-04-18,423705,227626,651331
04/19/2004,2004-04-19,951686,592025,1543711
04/20/2004,2004-04-20,934712,592319,1527031
04/21/2004,2004-04-21,943108,597005,1540113
04/22/2004,2004-04-22,904333,597088,1501421
04/23/2004,2004-04-23,977752,615945,1593697
04/24/2004,2004-04-24,570050,314947,884997
04/25/2004,2004-04-25,373444,218019,591463
04/26/2004,2004-04-26,962323,576288,1538611
04/27/2004,2004-04-27,985057,588215,1573272
04/28/2004,2004-04-28,914358,585375,1499733
04/29/2004,2004-04-29,909979,580209,1490188
04/30/2004,2004-04-30,988876,579995,1568871
05/01/2004,2004-05-01,577088,282452,859540
05/02/2004,2004-05-02,417360,203143,620503
05/03/2004,2004-05-03,1028235,580844,1609079
05/04/2004,2004-05-04,1025965,615968,1641933
05/05/2004,2004-05-05,1019276,622837,1642113
05/06/2004,2004-05-06,994277,614497,1608774
05/07/2004,2004-05-07,960594,591026,1551620
05/08/2004,2004-05-08,628268,316493,944761
05/09/2004,2004-05-09,441379,221375,662754
05/10/2004,2004-05-10,939473,558691,1498164
05/11/2004,2004-05-11,965692,583729,1549421
05/12/2004,2004-05-12,944663,576643,1521306
05/13/2004,2004-05-13,929271,579703,1508974
05/14/2004,2004-05-14,899684,566238,1465922
05/15/2004,2004-05-15,615125,308012,923137
05/16/2004,2004-05-16,418466,214886,633352
05/17/2004,2004-05-17,961334,567520,1528854
05/18/2004,2004-05-18,957288,600273,1557561
05/19/2004,2004-05-19,1010917,613954,1624871
05/20/2004,2004-05-20,971148,604798,1575946
05/21/2004,2004-05-21,945657,592577,1538234
05/22/2004,2004-05-22,571606,316714,888320
05/23/2004,2004-05-23,398101,224372,622473
05/24/2004,2004-05-24,964387,572310,1536697
05/25/2004,2004-05-25,967725,586827,1554552
05/26/2004,2004-05-26,970166,583785,1553951
05/27/2004,2004-05-27,960973,583639,1544612
05/28/2004,2004-05-28,978308,574148,1552456
05/29/2004,2004-05-29,556778,288249,845027
05/30/2004,2004-05-30,327264,185353,512617
05/31/2004,2004-05-31,352611,210076,562687
06/01/2004,2004-06-01,988657,604744,1593401
06/02/2004,2004-06-02,995228,605193,1600421
06/03/2004,2004-06-03,1037077,597741,1634818
06/04/2004,2004-06-04,1031015,619850,1650865
06/05/2004,2004-06-05,664804,350348,1015152
06/06/2004,2004-06-06,433813,247799,681612
06/07/2004,2004-06-07,975883,602548,1578431
06/08/2004,2004-06-08,985865,627174,1613039
06/09/2004,2004-06-09,967899,616418,1584317
06/10/2004,2004-06-10,927625,614363,1541988
06/11/2004,2004-06-11,951407,584390,1535797
06/12/2004,2004-06-12,626396,347638,974034
06/13/2004,2004-06-13,418700,237263,655963
06/14/2004,2004-06-14,947940,569479,1517419
06/15/2004,2004-06-15,973303,591145,1564448
06/16/2004,2004-06-16,948614,584517,1533131
06/17/2004,2004-06-17,938259,585309,1523568
06/18/2004,2004-06-18,945720,600582,1546302
06/19/2004,2004-06-19,621841,336481,958322
06/20/2004,2004-06-20,431055,231581,662636
06/21/2004,2004-06-21,783458,540333,1323791
06/22/2004,2004-06-22,959598,597441,1557039
06/23/2004,2004-06-23,858709,578302,1437011
06/24/2004,2004-06-24,828438,571439,1399877
06/25/2004,2004-06-25,894184,629449,1523633
06/26/2004,2004-06-26,611676,374748,986424
06/27/2004,2004-06-27,430542,324978,755520
06/28/2004,2004-06-28,853024,572918,1425942
06/29/2004,2004-06-29,911992,643017,1555009
06/30/2004,2004-06-30,906761,639979,1546740
07/01/2004,2004-07-01,953538,646062,1599600
07/02/2004,2004-07-02,937281,647738,1585019
07/03/2004,2004-07-03,587961,418005,1005966
07/04/2004,2004-07-04,446583,324563,771146
07/05/2004,2004-07-05,420521,229820,650341
07/06/2004,2004-07-06,877429,556428,1433857
07/07/2004,2004-07-07,885461,568101,1453562
07/08/2004,2004-07-08,909149,580508,1489657
07/09/2004,2004-07-09,869159,560395,1429554
07/10/2004,2004-07-10,593638,305695,899333
07/11/2004,2004-07-11,418827,228013,646840
07/12/2004,2004-07-12,883883,564588,1448471
07/13/2004,2004-07-13,923012,571480,1494492
07/14/2004,2004-07-14,906552,581198,1487750
07/15/2004,2004-07-15,912348,615708,1528056
07/16/2004,2004-07-16,898626,610788,1509414
07/17/2004,2004-07-17,622104,365413,987517
07/18/2004,2004-07-18,440154,271230,711384
07/19/2004,2004-07-19,898918,593573,1492491
07/20/2004,2004-07-20,896643,606660,1503303
07/21/2004,2004-07-21,857917,590615,1448532
07/22/2004,2004-07-22,858154,598156,1456310
07/23/2004,2004-07-23,912722,590514,1503236
07/24/2004,2004-07-24,586037,319483,905520
07/25/2004,2004-07-25,425968,250189,676157
07/26/2004,2004-07-26,852027,565461,1417488
07/27/2004,2004-07-27,885055,590244,1475299
07/28/2004,2004-07-28,883672,581804,1465476
07/29/2004,2004-07-29,881356,574372,1455728
07/30/2004,2004-07-30,918563,599378,1517941
07/31/2004,2004-07-31,646791,376947,1023738
08/01/2004,2004-08-01,455048,251600,706648
08/02/2004,2004-08-02,882460,544308,1426768
08/03/2004,2004-08-03,933741,570440,1504181
08/04/2004,2004-08-04,867932,556467,1424399
08/05/2004,2004-08-05,918039,572708,1490747
08/06/2004,2004-08-06,918834,576089,1494923
08/07/2004,2004-08-07,608291,319929,928220
08/08/2004,2004-08-08,432272,235899,668171
08/09/2004,2004-08-09,866609,543743,1410352
08/10/2004,2004-08-10,859980,584756,1444736
08/11/2004,2004-08-11,848020,581158,1429178
08/12/2004,2004-08-12,836018,586637,1422655
08/13/2004,2004-08-13,887566,591673,1479239
08/14/2004,2004-08-14,659976,359470,1019446
08/15/2004,2004-08-15,428984,239400,668384
08/16/2004,2004-08-16,836413,531860,1368273
08/17/2004,2004-08-17,847772,547281,1395053
08/18/2004,2004-08-18,845492,550495,1395987
08/19/2004,2004-08-19,861625,560944,1422569
08/20/2004,2004-08-20,868398,568661,1437059
08/21/2004,2004-08-21,660686,360597,1021283
08/22/2004,2004-08-22,475738,271487,747225
08/23/2004,2004-08-23,857805,566252,1424057
08/24/2004,2004-08-24,819217,567497,1386714
08/25/2004,2004-08-25,831352,570388,1401740
08/26/2004,2004-08-26,860869,586981,1447850
08/27/2004,2004-08-27,878628,605790,1484418
08/28/2004,2004-08-28,548649,297684,846333
08/29/2004,2004-08-29,407683,243215,650898
08/30/2004,2004-08-30,884633,567769,1452402
08/31/2004,2004-08-31,899858,586695,1486553
09/01/2004,2004-09-01,973679,597386,1571065
09/02/2004,2004-09-02,953427,599495,1552922
09/03/2004,2004-09-03,975876,588503,1564379
09/04/2004,2004-09-04,653547,326695,980242
09/05/2004,2004-09-05,465576,257995,723571
09/06/2004,2004-09-06,409232,232087,641319
09/07/2004,2004-09-07,1050387,626352,1676739
09/08/2004,2004-09-08,1050697,637961,1688658
09/09/2004,2004-09-09,1045824,628271,1674095
09/10/2004,2004-09-10,1053387,651710,1705097
09/11/2004,2004-09-11,637407,355835,993242
09/12/2004,2004-09-12,448166,258509,706675
09/13/2004,2004-09-13,1042442,636868,1679310
09/14/2004,2004-09-14,1046788,648153,1694941
09/15/2004,2004-09-15,1024350,640279,1664629
09/16/2004,2004-09-16,1029871,621221,1651092
09/17/2004,2004-09-17,1047045,625246,1672291
09/18/2004,2004-09-18,636532,340756,977288
09/19/2004,2004-09-19,434873,237754,672627
09/20/2004,2004-09-20,1037831,618982,1656813
09/21/2004,2004-09-21,1050001,632360,1682361
09/22/2004,2004-09-22,1032930,629320,1662250
09/23/2004,2004-09-23,1044192,639139,1683331
09/24/2004,2004-09-24,1036019,622291,1658310
09/25/2004,2004-09-25,627583,322940,950523
09/26/2004,2004-09-26,424978,226180,651158
09/27/2004,2004-09-27,1027685,636750,1664435
09/28/2004,2004-09-28,1032855,651704,1684559
09/29/2004,2004-09-29,1026441,651246,1677687
09/30/2004,2004-09-30,1028258,652621,1680879
10/01/2004,2004-10-01,1093423,654384,1747807
10/02/2004,2004-10-02,682534,363581,1046115
10/03/2004,2004-10-03,450247,252513,702760
10/04/2004,2004-10-04,1069102,626058,1695160
10/05/2004,2004-10-05,1061080,632144,1693224
10/06/2004,2004-10-06,1049585,633595,1683180
10/07/2004,2004-10-07,1065448,640106,1705554
10/08/2004,2004-10-08,993752,633554,1627306
10/09/2004,2004-10-09,657042,363116,1020158
10/10/2004,2004-10-10,421756,350585,772341
10/11/2004,2004-10-11,798129,533211,1331340
10/12/2004,2004-10-12,1049798,636093,1685891
10/13/2004,2004-10-13,1041758,633630,1675388
10/14/2004,2004-10-14,1039134,634855,1673989
10/15/2004,2004-10-15,1030816,634543,1665359
10/16/2004,2004-10-16,626844,326448,953292
10/17/2004,2004-10-17,444240,243898,688138
10/18/2004,2004-10-18,996730,609460,1606190
10/19/2004,2004-10-19,1021166,624056,1645222
10/20/2004,2004-10-20,1023397,623762,1647159
10/21/2004,2004-10-21,1052476,637181,1689657
10/22/2004,2004-10-22,1042359,629243,1671602
10/23/2004,2004-10-23,596052,313794,909846
10/24/2004,2004-10-24,436838,227357,664195
10/25/2004,2004-10-25,1026913,612489,1639402
10/26/2004,2004-10-26,1022142,621378,1643520
10/27/2004,2004-10-27,1034962,628723,1663685
10/28/2004,2004-10-28,1033261,629827,1663088
10/29/2004,2004-10-29,1025574,630736,1656310
10/30/2004,2004-10-30,594150,318073,912223
10/31/2004,2004-10-31,429612,230321,659933
11/01/2004,2004-11-01,953969,587503,1541472
11/02/2004,2004-11-02,913103,577460,1490563
11/03/2004,2004-11-03,1075369,625991,1701360
11/04/2004,2004-11-04,1018608,623937,1642545
11/05/2004,2004-11-05,1062739,630151,1692890
11/06/2004,2004-11-06,647460,331394,978854
11/07/2004,2004-11-07,427407,222194,649601
11/08/2004,2004-11-08,1033733,615996,1649729
11/09/2004,2004-11-09,1035702,629375,1665077
11/10/2004,2004-11-10,1042750,635694,1678444
11/11/2004,2004-11-11,812757,549029,1361786
11/12/2004,2004-11-12,924772,606762,1531534
11/13/2004,2004-11-13,625173,331920,957093
11/14/2004,2004-11-14,413442,221405,634847
11/15/2004,2004-11-15,1006969,611786,1618755
11/16/2004,2004-11-16,1025607,623801,1649408
11/17/2004,2004-11-17,1018184,620535,1638719
11/18/2004,2004-11-18,951154,610552,1561706
11/19/2004,2004-11-19,1021327,622698,1644025
11/20/2004,2004-11-20,627629,371415,999044
11/21/2004,2004-11-21,427753,229287,657040
11/22/2004,2004-11-22,1018065,606086,1624151
11/23/2004,2004-11-23,1019132,616805,1635937
11/24/2004,2004-11-24,835824,550778,1386602
11/25/2004,2004-11-25,287787,147567,435354
11/26/2004,2004-11-26,591445,345213,936658
11/27/2004,2004-11-27,472803,246053,718856
11/28/2004,2004-11-28,384795,206685,591480
11/29/2004,2004-11-29,962243,588392,1550635
11/30/2004,2004-11-30,970374,600955,1571329
12/01/2004,2004-12-01,1032681,614286,1646967
12/02/2004,2004-12-02,1018483,613061,1631544
12/03/2004,2004-12-03,1060084,615342,1675426
12/04/2004,2004-12-04,638045,335317,973362
12/05/2004,2004-12-05,425127,231858,656985
12/06/2004,2004-12-06,1000415,587577,1587992
12/07/2004,2004-12-07,948268,587165,1535433
12/08/2004,2004-12-08,1017145,605103,1622248
12/09/2004,2004-12-09,1006857,607436,1614293
12/10/2004,2004-12-10,1010307,598887,1609194
12/11/2004,2004-12-11,602774,318757,921531
12/12/2004,2004-12-12,388481,205786,594267
12/13/2004,2004-12-13,922941,562847,1485788
12/14/2004,2004-12-14,934042,574048,1508090
12/15/2004,2004-12-15,974391,584961,1559352
12/16/2004,2004-12-16,969829,585749,1555578
12/17/2004,2004-12-17,978842,572764,1551606
12/18/2004,2004-12-18,587269,302065,889334
12/19/2004,2004-12-19,320403,181261,501664
12/20/2004,2004-12-20,726487,488937,1215424
12/21/2004,2004-12-21,783801,508747,1292548
12/22/2004,2004-12-22,725010,473787,1198797
12/23/2004,2004-12-23,670666,408740,1079406
12/24/2004,2004-12-24,425489,191941,617430
12/25/2004,2004-12-25,213912,87992,301904
12/26/2004,2004-12-26,327069,152351,479420
12/27/2004,2004-12-27,650769,386604,1037373
12/28/2004,2004-12-28,698229,438802,1137031
12/29/2004,2004-12-29,726475,456993,1183468
12/30/2004,2004-12-30,738698,457796,1196494
12/31/2004,2004-12-31,633996,364015,998011
01/01/2005,2005-01-01,334140,196267,530407
01/02/2005,2005-01-02,373512,183672,557184
01/03/2005,2005-01-03,894571,512620,1407191
01/04/2005,2005-01-04,972798,559563,1532361
01/05/2005,2005-01-05,851226,558698,1409924
01/06/2005,2005-01-06,862750,554283,1417033
01/07/2005,2005-01-07,915274,554769,1470043
01/08/2005,2005-01-08,533884,261042,794926
01/09/2005,2005-01-09,358628,177968,536596
01/10/2005,2005-01-10,979955,584456,1564411
01/11/2005,2005-01-11,954938,590368,1545306
01/12/2005,2005-01-12,972407,589359,1561766
01/13/2005,2005-01-13,931709,582596,1514305
01/14/2005,2005-01-14,894841,552090,1446931
01/15/2005,2005-01-15,481878,249401,731279
01/16/2005,2005-01-16,314149,169880,484029
01/17/2005,2005-01-17,539410,349284,888694
01/18/2005,2005-01-18,907849,569801,1477650
01/19/2005,2005-01-19,947581,583108,1530689
01/20/2005,2005-01-20,936302,590558,1526860
01/21/2005,2005-01-21,968823,591645,1560468
01/22/2005,2005-01-22,422190,263129,685319
01/23/2005,2005-01-23,345136,188044,533180
01/24/2005,2005-01-24,957377,580140,1537517
01/25/2005,2005-01-25,995268,592253,1587521
01/26/2005,2005-01-26,947433,581016,1528449
01/27/2005,2005-01-27,955413,587048,1542461
01/28/2005,2005-01-28,857968,554367,1412335
01/29/2005,2005-01-29,559310,277291,836601
01/30/2005,2005-01-30,387197,187644,574841
01/31/2005,2005-01-31,992251,583230,1575481
02/01/2005,2005-02-01,1050914,598684,1649598
02/02/2005,2005-02-02,1046742,599354,1646096
02/03/2005,2005-02-03,1061904,607326,1669230
02/04/2005,2005-02-04,1062971,595511,1658482
02/05/2005,2005-02-05,670035,312338,982373
02/06/2005,2005-02-06,413456,196102,609558
02/07/2005,2005-02-07,987016,578699,1565715
02/08/2005,2005-02-08,1005698,593343,1599041
02/09/2005,2005-02-09,989259,595976,1585235
02/10/2005,2005-02-10,1012514,596286,1608800
02/11/2005,2005-02-11,999975,566136,1566111
02/12/2005,2005-02-12,665453,316216,981669
02/13/2005,2005-02-13,384592,194152,578744
02/14/2005,2005-02-14,1015673,596928,1612601
02/15/2005,2005-02-15,980220,590777,1570997
02/16/2005,2005-02-16,1002714,602439,1605153
02/17/2005,2005-02-17,981996,593476,1575472
02/18/2005,2005-02-18,983784,582874,1566658
02/19/2005,2005-02-19,619586,308419,928005
02/20/2005,2005-02-20,365108,192834,557942
02/21/2005,2005-02-21,723673,445742,1169415
02/22/2005,2005-02-22,1002989,600405,1603394
02/23/2005,2005-02-23,996383,601647,1598030
02/24/2005,2005-02-24,982207,599568,1581775
02/25/2005,2005-02-25,1002592,590287,1592879
02/26/2005,2005-02-26,603707,304026,907733
02/27/2005,2005-02-27,386996,200694,587690
02/28/2005,2005-02-28,943655,578722,1522377
03/01/2005,2005-03-01,1012943,591771,1604714
03/02/2005,2005-03-02,984054,587875,1571929
03/03/2005,2005-03-03,1030040,600570,1630610
03/04/2005,2005-03-04,1027003,589864,1616867
03/05/2005,2005-03-05,625252,303912,929164
03/06/2005,2005-03-06,451472,218330,669802
03/07/2005,2005-03-07,814934,533210,1348144
03/08/2005,2005-03-08,1009879,597987,1607866
03/09/2005,2005-03-09,996362,598004,1594366
03/10/2005,2005-03-10,941999,585359,1527358
03/11/2005,2005-03-11,994830,587513,1582343
03/12/2005,2005-03-12,581761,317998,899759
03/13/2005,2005-03-13,393195,205254,598449
03/14/2005,2005-03-14,980033,583024,1563057
03/15/2005,2005-03-15,1017371,606409,1623780
03/16/2005,2005-03-16,1011281,607649,1618930
03/17/2005,2005-03-17,989736,605564,1595300
03/18/2005,2005-03-18,1017219,593449,1610668
03/19/2005,2005-03-19,610862,312814,923676
03/20/2005,2005-03-20,416015,208726,624741
03/21/2005,2005-03-21,849240,544264,1393504
03/22/2005,2005-03-22,861916,553996,1415912
03/23/2005,2005-03-23,837601,544825,1382426
03/24/2005,2005-03-24,848267,544242,1392509
03/25/2005,2005-03-25,717162,456076,1173238
03/26/2005,2005-03-26,550378,266697,817075
03/27/2005,2005-03-27,392111,172199,564310
03/28/2005,2005-03-28,968792,568013,1536805
03/29/2005,2005-03-29,1001423,598783,1600206
03/30/2005,2005-03-30,942056,580582,1522638
03/31/2005,2005-03-31,966045,589937,1555982
04/01/2005,2005-04-01,1050962,600913,1651875
04/02/2005,2005-04-02,663367,322162,985529
04/03/2005,2005-04-03,440189,229712,669901
04/04/2005,2005-04-04,1035659,608092,1643751
04/05/2005,2005-04-05,1048343,612259,1660602
04/06/2005,2005-04-06,1005400,610876,1616276
04/07/2005,2005-04-07,1001832,612048,1613880
04/08/2005,2005-04-08,1034023,642939,1676962
04/09/2005,2005-04-09,645280,347387,992667
04/10/2005,2005-04-10,439237,244746,683983
04/11/2005,2005-04-11,1013684,615683,1629367
04/12/2005,2005-04-12,938160,597721,1535881
04/13/2005,2005-04-13,1016213,630756,1646969
04/14/2005,2005-04-14,1026667,616143,1642810
04/15/2005,2005-04-15,953214,602625,1555839
04/16/2005,2005-04-16,637641,331817,969458
04/17/2005,2005-04-17,428663,225292,653955
04/18/2005,2005-04-18,1015285,609637,1624922
04/19/2005,2005-04-19,1011163,622316,1633479
04/20/2005,2005-04-20,963837,600039,1563876
04/21/2005,2005-04-21,954629,601125,1555754
04/22/2005,2005-04-22,926157,588764,1514921
04/23/2005,2005-04-23,541013,297122,838135
04/24/2005,2005-04-24,401026,221195,622221
04/25/2005,2005-04-25,1003896,610619,1614515
04/26/2005,2005-04-26,1002029,620181,1622210
04/27/2005,2005-04-27,932943,620361,1553304
04/28/2005,2005-04-28,945137,604452,1549589
04/29/2005,2005-04-29,1036716,608264,1644980
04/30/2005,2005-04-30,635054,315323,950377
05/01/2005,2005-05-01,406509,215144,621653
05/02/2005,2005-05-02,1000310,585188,1585498
05/03/2005,2005-05-03,1045152,610739,1655891
05/04/2005,2005-05-04,1036608,612365,1648973
05/05/2005,2005-05-05,1044204,621992,1666196
05/06/2005,2005-05-06,1027299,626005,1653304
05/07/2005,2005-05-07,613000,341551,954551
05/08/2005,2005-05-08,441575,242829,684404
05/09/2005,2005-05-09,960649,593537,1554186
05/10/2005,2005-05-10,1033686,634549,1668235
05/11/2005,2005-05-11,908042,592526,1500568
05/12/2005,2005-05-12,976440,605243,1581683
05/13/2005,2005-05-13,980674,597196,1577870
05/14/2005,2005-05-14,615871,324491,940362
05/15/2005,2005-05-15,400447,218269,618716
05/16/2005,2005-05-16,1005555,598942,1604497
05/17/2005,2005-05-17,1013627,607296,1620923
05/18/2005,2005-05-18,1003414,604841,1608255
05/19/2005,2005-05-19,951340,593341,1544681
05/20/2005,2005-05-20,1028933,625628,1654561
05/21/2005,2005-05-21,647441,353375,1000816
05/22/2005,2005-05-22,436056,249081,685137
05/23/2005,2005-05-23,997640,612963,1610603
05/24/2005,2005-05-24,1017021,636017,1653038
05/25/2005,2005-05-25,1002504,628633,1631137
05/26/2005,2005-05-26,995429,632007,1627436
05/27/2005,2005-05-27,987014,616101,1603115
05/28/2005,2005-05-28,583683,356717,940400
05/29/2005,2005-05-29,415969,261440,677409
05/30/2005,2005-05-30,403677,232100,635777
05/31/2005,2005-05-31,968847,591522,1560369
06/01/2005,2005-06-01,1041992,613034,1655026
06/02/2005,2005-06-02,1015376,603865,1619241
06/03/2005,2005-06-03,1049697,616170,1665867
06/04/2005,2005-06-04,621165,322782,943947
06/05/2005,2005-06-05,448366,236960,685326
06/06/2005,2005-06-06,1012097,619504,1631601
06/07/2005,2005-06-07,1003186,628716,1631902
06/08/2005,2005-06-08,984240,632453,1616693
06/09/2005,2005-06-09,1000130,622726,1622856
06/10/2005,2005-06-10,997687,654887,1652574
06/11/2005,2005-06-11,647313,413642,1060955
06/12/2005,2005-06-12,446785,287623,734408
06/13/2005,2005-06-13,973038,628857,1601895
06/14/2005,2005-06-14,955995,635882,1591877
06/15/2005,2005-06-15,941737,637318,1579055
06/16/2005,2005-06-16,931626,603660,1535286
06/17/2005,2005-06-17,998232,611676,1609908
06/18/2005,2005-06-18,636265,346258,982523
06/19/2005,2005-06-19,459729,243775,703504
06/20/2005,2005-06-20,880325,591715,1472040
06/21/2005,2005-06-21,889907,606210,1496117
06/22/2005,2005-06-22,890705,607690,1498395
06/23/2005,2005-06-23,888587,593403,1481990
06/24/2005,2005-06-24,869672,643554,1513226
06/25/2005,2005-06-25,629963,398677,1028640
06/26/2005,2005-06-26,456191,354882,811073
06/27/2005,2005-06-27,867853,591716,1459569
06/28/2005,2005-06-28,870601,632227,1502828
06/29/2005,2005-06-29,871256,638601,1509857
06/30/2005,2005-06-30,878941,646980,1525921
07/01/2005,2005-07-01,945326,662564,1607890
07/02/2005,2005-07-02,686826,463297,1150123
07/03/2005,2005-07-03,559176,517599,1076775
07/04/2005,2005-07-04,422316,278678,700994
07/05/2005,2005-07-05,913873,569757,1483630
07/06/2005,2005-07-06,926125,590642,1516767
07/07/2005,2005-07-07,929359,578396,1507755
07/08/2005,2005-07-08,950222,591325,1541547
07/09/2005,2005-07-09,623556,331017,954573
07/10/2005,2005-07-10,444647,239684,684331
07/11/2005,2005-07-11,913284,573004,1486288
07/12/2005,2005-07-12,909026,585394,1494420
07/13/2005,2005-07-13,923039,596373,1519412
07/14/2005,2005-07-14,936684,634107,1570791
07/15/2005,2005-07-15,937018,631418,1568436
07/16/2005,2005-07-16,640959,397796,1038755
07/17/2005,2005-07-17,443824,270831,714655
07/18/2005,2005-07-18,902531,582649,1485180
07/19/2005,2005-07-19,937251,608460,1545711
07/20/2005,2005-07-20,888241,597676,1485917
07/21/2005,2005-07-21,920983,610460,1531443
07/22/2005,2005-07-22,945311,614666,1559977
07/23/2005,2005-07-23,604287,361618,965905
07/24/2005,2005-07-24,393689,255844,649533
07/25/2005,2005-07-25,850441,580681,1431122
07/26/2005,2005-07-26,876111,588210,1464321
07/27/2005,2005-07-27,931658,626793,1558451
07/28/2005,2005-07-28,923931,626164,1550095
07/29/2005,2005-07-29,928563,618229,1546792
07/30/2005,2005-07-30,637235,388729,1025964
07/31/2005,2005-07-31,446615,261208,707823
08/01/2005,2005-08-01,954299,574337,1528636
08/02/2005,2005-08-02,939108,600448,1539556
08/03/2005,2005-08-03,950814,598977,1549791
08/04/2005,2005-08-04,941632,597051,1538683
08/05/2005,2005-08-05,965152,603948,1569100
08/06/2005,2005-08-06,648849,357240,1006089
08/07/2005,2005-08-07,457639,261349,718988
08/08/2005,2005-08-08,910549,590758,1501307
08/09/2005,2005-08-09,917522,606419,1523941
08/10/2005,2005-08-10,913900,605306,1519206
08/11/2005,2005-08-11,859482,588881,1448363
08/12/2005,2005-08-12,929636,606537,1536173
08/13/2005,2005-08-13,608908,350010,958918
08/14/2005,2005-08-14,437664,248325,685989
08/15/2005,2005-08-15,892308,574348,1466656
08/16/2005,2005-08-16,904327,589228,1493555
08/17/2005,2005-08-17,909306,590352,1499658
08/18/2005,2005-08-18,855225,561329,1416554
08/19/2005,2005-08-19,934667,602164,1536831
08/20/2005,2005-08-20,659629,361304,1020933
08/21/2005,2005-08-21,511141,292892,804033
08/22/2005,2005-08-22,897988,597005,1494993
08/23/2005,2005-08-23,907676,616739,1524415
08/24/2005,2005-08-24,909467,616129,1525596
08/25/2005,2005-08-25,907614,590749,1498363
08/26/2005,2005-08-26,916046,625532,1541578
08/27/2005,2005-08-27,632625,364516,997141
08/28/2005,2005-08-28,445633,273101,718734
08/29/2005,2005-08-29,921906,612444,1534350
08/30/2005,2005-08-30,931235,625509,1556744
08/31/2005,2005-08-31,928354,631355,1559709
09/01/2005,2005-09-01,1019495,643731,1663226
09/02/2005,2005-09-02,1015964,632104,1648068
09/03/2005,2005-09-03,699122,377507,1076629
09/04/2005,2005-09-04,504460,323512,827972
09/05/2005,2005-09-05,469528,274053,743581
09/06/2005,2005-09-06,1094714,647343,1742057
09/07/2005,2005-09-07,1090847,664041,1754888
09/08/2005,2005-09-08,1090390,671553,1761943
09/09/2005,2005-09-09,1092990,672572,1765562
09/10/2005,2005-09-10,662248,379906,1042154
09/11/2005,2005-09-11,460444,257201,717645
09/12/2005,2005-09-12,1088861,674800,1763661
09/13/2005,2005-09-13,1081012,691104,1772116
09/14/2005,2005-09-14,1072662,687668,1760330
09/15/2005,2005-09-15,1070331,702096,1772427
09/16/2005,2005-09-16,1061189,689685,1750874
09/17/2005,2005-09-17,677602,404143,1081745
09/18/2005,2005-09-18,473997,292920,766917
09/19/2005,2005-09-19,1033841,657717,1691558
09/20/2005,2005-09-20,1091052,685957,1777009
09/21/2005,2005-09-21,1085278,685975,1771253
09/22/2005,2005-09-22,1045853,672603,1718456
09/23/2005,2005-09-23,1068977,699466,1768443
09/24/2005,2005-09-24,632952,390116,1023068
09/25/2005,2005-09-25,428577,277519,706096
09/26/2005,2005-09-26,1050587,651165,1701752
09/27/2005,2005-09-27,1091710,686977,1778687
09/28/2005,2005-09-28,1019140,668450,1687590
09/29/2005,2005-09-29,1065350,668926,1734276
09/30/2005,2005-09-30,1114521,673776,1788297
10/01/2005,2005-10-01,708008,373322,1081330
10/02/2005,2005-10-02,451633,245477,697110
10/03/2005,2005-10-03,1137817,638813,1776630
10/04/2005,2005-10-04,1099740,677721,1777461
10/05/2005,2005-10-05,1099507,689759,1789266
10/06/2005,2005-10-06,1084528,679966,1764494
10/07/2005,2005-10-07,1037669,663271,1700940
10/08/2005,2005-10-08,638239,378215,1016454
10/09/2005,2005-10-09,427142,372438,799580
10/10/2005,2005-10-10,811357,562228,1373585
10/11/2005,2005-10-11,1076154,687202,1763356
10/12/2005,2005-10-12,1053577,685743,1739320
10/13/2005,2005-10-13,1068998,665605,1734603
10/14/2005,2005-10-14,1091226,683174,1774400
10/15/2005,2005-10-15,670497,376816,1047313
10/16/2005,2005-10-16,456332,268898,725230
10/17/2005,2005-10-17,1046900,653518,1700418
10/18/2005,2005-10-18,1071110,669214,1740324
10/19/2005,2005-10-19,1056343,666799,1723142
10/20/2005,2005-10-20,1057585,676430,1734015
10/21/2005,2005-10-21,1064058,674291,1738349
10/22/2005,2005-10-22,624399,385602,1010001
10/23/2005,2005-10-23,421490,277349,698839
10/24/2005,2005-10-24,995935,637292,1633227
10/25/2005,2005-10-25,1034930,653259,1688189
10/26/2005,2005-10-26,1041390,662049,1703439
10/27/2005,2005-10-27,1039411,669962,1709373
10/28/2005,2005-10-28,1050188,734562,1784750
10/29/2005,2005-10-29,646559,378146,1024705
10/30/2005,2005-10-30,436487,251042,687529
10/31/2005,2005-10-31,1000931,636744,1637675
11/01/2005,2005-11-01,1104565,668971,1773536
11/02/2005,2005-11-02,1077276,667966,1745242
11/03/2005,2005-11-03,1108680,678842,1787522
11/04/2005,2005-11-04,994280,653744,1648024
11/05/2005,2005-11-05,624689,351850,976539
11/06/2005,2005-11-06,425669,239193,664862
11/07/2005,2005-11-07,1060057,648893,1708950
11/08/2005,2005-11-08,998603,642398,1641001
11/09/2005,2005-11-09,1034556,655614,1690170
11/10/2005,2005-11-10,1049433,672627,1722060
11/11/2005,2005-11-11,862413,587641,1450054
11/12/2005,2005-11-12,626889,351085,977974
11/13/2005,2005-11-13,416141,247977,664118
11/14/2005,2005-11-14,1021597,637498,1659095
11/15/2005,2005-11-15,1001890,644740,1646630
11/16/2005,2005-11-16,960835,625642,1586477
11/17/2005,2005-11-17,982303,636292,1618595
11/18/2005,2005-11-18,997001,635900,1632901
11/19/2005,2005-11-19,643136,395851,1038987
11/20/2005,2005-11-20,424683,243191,667874
11/21/2005,2005-11-21,1023750,627654,1651404
11/22/2005,2005-11-22,1012669,637432,1650101
11/23/2005,2005-11-23,946475,594581,1541056
11/24/2005,2005-11-24,265869,149351,415220
11/25/2005,2005-11-25,542621,335201,877822
11/26/2005,2005-11-26,520348,290786,811134
11/27/2005,2005-11-27,378931,214449,593380
11/28/2005,2005-11-28,964783,610273,1575056
11/29/2005,2005-11-29,964736,621228,1585964
11/30/2005,2005-11-30,975689,623427,1599116
12/01/2005,2005-12-01,1002814,637299,1640113
12/02/2005,2005-12-02,1012143,626729,1638872
12/03/2005,2005-12-03,602909,343944,946853
12/04/2005,2005-12-04,394671,232929,627600
12/05/2005,2005-12-05,959432,591559,1550991
12/06/2005,2005-12-06,943778,595172,1538950
12/07/2005,2005-12-07,922076,591500,1513576
12/08/2005,2005-12-08,900776,651313,1552089
12/09/2005,2005-12-09,922330,630309,1552639
12/10/2005,2005-12-10,545442,331523,876965
12/11/2005,2005-12-11,384544,223869,608413
12/12/2005,2005-12-12,974895,603601,1578496
12/13/2005,2005-12-13,984740,612377,1597117
12/14/2005,2005-12-14,959741,629222,1588963
12/15/2005,2005-12-15,972435,621555,1593990
12/16/2005,2005-12-16,952574,605734,1558308
12/17/2005,2005-12-17,576780,326028,902808
12/18/2005,2005-12-18,371336,222374,593710
12/19/2005,2005-12-19,860779,535968,1396747
12/20/2005,2005-12-20,894974,534766,1429740
12/21/2005,2005-12-21,918067,553734,1471801
12/22/2005,2005-12-22,912016,544544,1456560
12/23/2005,2005-12-23,878003,479373,1357376
12/24/2005,2005-12-24,481238,198644,679882
12/25/2005,2005-12-25,263158,105718,368876
12/26/2005,2005-12-26,437677,224784,662461
12/27/2005,2005-12-27,735303,457726,1193029
12/28/2005,2005-12-28,711850,462580,1174430
12/29/2005,2005-12-29,738031,481238,1219269
12/30/2005,2005-12-30,762706,471541,1234247
12/31/2005,2005-12-31,526241,307444,833685
01/01/2006,2006-01-01,287126,203291,490417
01/02/2006,2006-01-02,360273,215920,576193
01/03/2006,2006-01-03,772171,540341,1312512
01/04/2006,2006-01-04,759600,543243,1302843
01/05/2006,2006-01-05,766560,550285,1316845
01/06/2006,2006-01-06,788239,551707,1339946
01/07/2006,2006-01-07,518237,280538,798775
01/08/2006,2006-01-08,367927,199691,567618
01/09/2006,2006-01-09,917702,588402,1506104
01/10/2006,2006-01-10,938390,600336,1538726
01/11/2006,2006-01-11,927898,602096,1529994
01/12/2006,2006-01-12,955926,616251,1572177
01/13/2006,2006-01-13,887164,585207,1472371
01/14/2006,2006-01-14,558211,309983,868194
01/15/2006,2006-01-15,381225,223499,604724
01/16/2006,2006-01-16,605772,399562,1005334
01/17/2006,2006-01-17,948555,619527,1568082
01/18/2006,2006-01-18,954238,621428,1575666
01/19/2006,2006-01-19,983087,634043,1617130
01/20/2006,2006-01-20,944694,615420,1560114
01/21/2006,2006-01-21,542740,308378,851118
01/22/2006,2006-01-22,371481,208257,579738
01/23/2006,2006-01-23,976988,626292,1603280
01/24/2006,2006-01-24,972893,634204,1607097
01/25/2006,2006-01-25,980770,634664,1615434
01/26/2006,2006-01-26,988382,643068,1631450
01/27/2006,2006-01-27,889516,608327,1497843
01/28/2006,2006-01-28,568287,314425,882712
01/29/2006,2006-01-29,380026,223196,603222
01/30/2006,2006-01-30,966708,614814,1581522
01/31/2006,2006-01-31,995530,634459,1629989
02/01/2006,2006-02-01,1035412,641676,1677088
02/02/2006,2006-02-02,1025866,642353,1668219
02/03/2006,2006-02-03,1020411,627330,1647741
02/04/2006,2006-02-04,587568,317239,904807
02/05/2006,2006-02-05,390808,211645,602453
02/06/2006,2006-02-06,986048,612106,1598154
02/07/2006,2006-02-07,1008328,631742,1640070
02/08/2006,2006-02-08,977974,629155,1607129
02/09/2006,2006-02-09,984574,635409,1619983
02/10/2006,2006-02-10,1003608,623814,1627422
02/11/2006,2006-02-11,601208,327796,929004
02/12/2006,2006-02-12,405657,221409,627066
02/13/2006,2006-02-13,799595,546148,1345743
02/14/2006,2006-02-14,1044587,644218,1688805
02/15/2006,2006-02-15,988045,626072,1614117
02/16/2006,2006-02-16,930188,613347,1543535
02/17/2006,2006-02-17,942685,604038,1546723
02/18/2006,2006-02-18,450578,265649,716227
02/19/2006,2006-02-19,334766,196957,531723
02/20/2006,2006-02-20,681948,453199,1135147
02/21/2006,2006-02-21,993188,623860,1617048
02/22/2006,2006-02-22,999636,629122,1628758
02/23/2006,2006-02-23,991146,635013,1626159
02/24/2006,2006-02-24,987623,615401,1603024
02/25/2006,2006-02-25,580618,314037,894655
02/26/2006,2006-02-26,386242,211388,597630
02/27/2006,2006-02-27,959193,603047,1562240
02/28/2006,2006-02-28,987195,623237,1610432
03/01/2006,2006-03-01,1020267,627527,1647794
03/02/2006,2006-03-02,986927,620235,1607162
03/03/2006,2006-03-03,1021045,620890,1641935
03/04/2006,2006-03-04,609288,322365,931653
03/05/2006,2006-03-05,363219,208605,571824
03/06/2006,2006-03-06,794246,550369,1344615
03/07/2006,2006-03-07,1006095,626557,1632652
03/08/2006,2006-03-08,982979,623290,1606269
03/09/2006,2006-03-09,979823,627081,1606904
03/10/2006,2006-03-10,1015665,721158,1736823
03/11/2006,2006-03-11,614019,386305,1000324
03/12/2006,2006-03-12,400822,233603,634425
03/13/2006,2006-03-13,968366,609970,1578336
03/14/2006,2006-03-14,1000900,629929,1630829
03/15/2006,2006-03-15,1005800,632700,1638500
03/16/2006,2006-03-16,953483,630443,1583926
03/17/2006,2006-03-17,989694,633801,1623495
03/18/2006,2006-03-18,603484,347527,951011
03/19/2006,2006-03-19,413687,225740,639427
03/20/2006,2006-03-20,963013,587104,1550117
03/21/2006,2006-03-21,943649,585590,1529239
03/22/2006,2006-03-22,982523,605646,1588169
03/23/2006,2006-03-23,979617,609325,1588942
03/24/2006,2006-03-24,978424,597943,1576367
03/25/2006,2006-03-25,620929,322685,943614
03/26/2006,2006-03-26,433649,234862,668511
03/27/2006,2006-03-27,962206,601488,1563694
03/28/2006,2006-03-28,981183,619650,1600833
03/29/2006,2006-03-29,987756,636692,1624448
03/30/2006,2006-03-30,996804,600724,1597528
03/31/2006,2006-03-31,1028124,641079,1669203
04/01/2006,2006-04-01,620450,348344,968794
04/02/2006,2006-04-02,391830,254413,646243
04/03/2006,2006-04-03,985177,616386,1601563
04/04/2006,2006-04-04,1042810,660381,1703191
04/05/2006,2006-04-05,1020222,654034,1674256
04/06/2006,2006-04-06,998368,635705,1634073
04/07/2006,2006-04-07,880902,634777,1515679
04/08/2006,2006-04-08,607382,360442,967824
04/09/2006,2006-04-09,426567,258613,685180
04/10/2006,2006-04-10,880692,601070,1481762
04/11/2006,2006-04-11,885029,628374,1513403
04/12/2006,2006-04-12,877362,627736,1505098
04/13/2006,2006-04-13,871878,634065,1505943
04/14/2006,2006-04-14,804781,551524,1356305
04/15/2006,2006-04-15,592251,323845,916096
04/16/2006,2006-04-16,324770,181980,506750
04/17/2006,2006-04-17,964793,623255,1588048
04/18/2006,2006-04-18,1000958,646316,1647274
04/19/2006,2006-04-19,984239,652275,1636514
04/20/2006,2006-04-20,938226,641954,1580180
04/21/2006,2006-04-21,999808,659127,1658935
04/22/2006,2006-04-22,607395,357315,964710
04/23/2006,2006-04-23,415959,248173,664132
04/24/2006,2006-04-24,998455,642816,1641271
04/25/2006,2006-04-25,953034,636129,1589163
04/26/2006,2006-04-26,952603,649967,1602570
04/27/2006,2006-04-27,955057,644011,1599068
04/28/2006,2006-04-28,1008989,666532,1675521
04/29/2006,2006-04-29,574038,343244,917282
04/30/2006,2006-04-30,345287,224122,569409
05/01/2006,2006-05-01,997873,738966,1736839
05/02/2006,2006-05-02,1045233,664946,1710179
05/03/2006,2006-05-03,1060500,663686,1724186
05/04/2006,2006-05-04,1047587,665514,1713101
05/05/2006,2006-05-05,1023957,651798,1675755
05/06/2006,2006-05-06,637405,368890,1006295
05/07/2006,2006-05-07,438858,258592,697450
05/08/2006,2006-05-08,1010412,624197,1634609
05/09/2006,2006-05-09,1004081,650430,1654511
05/10/2006,2006-05-10,1007923,648361,1656284
05/11/2006,2006-05-11,926462,621331,1547793
05/12/2006,2006-05-12,958553,639308,1597861
05/13/2006,2006-05-13,587533,340904,928437
05/14/2006,2006-05-14,411861,249652,661513
05/15/2006,2006-05-15,961857,601838,1563695
05/16/2006,2006-05-16,994913,648507,1643420
05/17/2006,2006-05-17,964565,640270,1604835
05/18/2006,2006-05-18,987234,653070,1640304
05/19/2006,2006-05-19,994011,651428,1645439
05/20/2006,2006-05-20,619536,365397,984933
05/21/2006,2006-05-21,423940,258770,682710
05/22/2006,2006-05-22,996607,629775,1626382
05/23/2006,2006-05-23,1013298,647643,1660941
05/24/2006,2006-05-24,951852,631510,1583362
05/25/2006,2006-05-25,978387,639540,1617927
05/26/2006,2006-05-26,988688,657379,1646067
05/27/2006,2006-05-27,646979,358425,1005404
05/28/2006,2006-05-28,461625,282850,744475
05/29/2006,2006-05-29,381213,245203,626416
05/30/2006,2006-05-30,945888,632333,1578221
05/31/2006,2006-05-31,968145,646966,1615111
06/01/2006,2006-06-01,1028046,638192,1666238
06/02/2006,2006-06-02,1031966,647618,1679584
06/03/2006,2006-06-03,668592,371768,1040360
06/04/2006,2006-06-04,457674,274564,732238
06/05/2006,2006-06-05,1005516,625171,1630687
06/06/2006,2006-06-06,1008096,653049,1661145
06/07/2006,2006-06-07,1012230,666040,1678270
06/08/2006,2006-06-08,1011430,675651,1687081
06/09/2006,2006-06-09,988332,652258,1640590
06/10/2006,2006-06-10,573542,349687,923229
06/11/2006,2006-06-11,424510,267884,692394
06/12/2006,2006-06-12,960901,623525,1584426
06/13/2006,2006-06-13,961923,664539,1626462
06/14/2006,2006-06-14,941928,665279,1607207
06/15/2006,2006-06-15,907237,659507,1566744
06/16/2006,2006-06-16,966314,667762,1634076
06/17/2006,2006-06-17,616266,384541,1000807
06/18/2006,2006-06-18,412366,259888,672254
06/19/2006,2006-06-19,880777,608854,1489631
06/20/2006,2006-06-20,889908,636659,1526567
06/21/2006,2006-06-21,859537,629433,1488970
06/22/2006,2006-06-22,872019,633021,1505040
06/23/2006,2006-06-23,905242,639365,1544607
06/24/2006,2006-06-24,607951,371810,979761
06/25/2006,2006-06-25,407079,302719,709798
06/26/2006,2006-06-26,852939,626802,1479741
06/27/2006,2006-06-27,886147,642922,1529069
06/28/2006,2006-06-28,886828,649479,1536307
06/29/2006,2006-06-29,899339,667597,1566936
06/30/2006,2006-06-30,950077,716112,1666189
07/01/2006,2006-07-01,631294,429319,1060613
07/02/2006,2006-07-02,440041,343944,783985
07/03/2006,2006-07-03,802169,684040,1486209
07/04/2006,2006-07-04,450356,350242,800598
07/05/2006,2006-07-05,901332,661426,1562758
07/06/2006,2006-07-06,925381,678340,1603721
07/07/2006,2006-07-07,928760,702727,1631487
07/08/2006,2006-07-08,625575,423300,1048875
07/09/2006,2006-07-09,443095,313512,756607
07/10/2006,2006-07-10,900356,618702,1519058
07/11/2006,2006-07-11,873419,605343,1478762
07/12/2006,2006-07-12,926286,615196,1541482
07/13/2006,2006-07-13,922492,644488,1566980
07/14/2006,2006-07-14,889540,669868,1559408
07/15/2006,2006-07-15,603018,412144,1015162
07/16/2006,2006-07-16,418278,308173,726451
07/17/2006,2006-07-17,886469,626986,1513455
07/18/2006,2006-07-18,927651,675064,1602715
07/19/2006,2006-07-19,911699,687896,1599595
07/20/2006,2006-07-20,827202,644150,1471352
07/21/2006,2006-07-21,931578,676491,1608069
07/22/2006,2006-07-22,625346,408434,1033780
07/23/2006,2006-07-23,446438,284632,731070
07/24/2006,2006-07-24,906725,633184,1539909
07/25/2006,2006-07-25,919219,650364,1569583
07/26/2006,2006-07-26,897731,641296,1539027
07/27/2006,2006-07-27,894993,663387,1558380
07/28/2006,2006-07-28,900144,673789,1573933
07/29/2006,2006-07-29,593188,423092,1016280
07/30/2006,2006-07-30,416361,290935,707296
07/31/2006,2006-07-31,831261,608739,1440000
08/01/2006,2006-08-01,894297,619717,1514014
08/02/2006,2006-08-02,872246,628299,1500545
08/03/2006,2006-08-03,911057,656020,1567077
08/04/2006,2006-08-04,951984,722072,1674056
08/05/2006,2006-08-05,645372,472159,1117531
08/06/2006,2006-08-06,451477,357797,809274
08/07/2006,2006-08-07,905263,633078,1538341
08/08/2006,2006-08-08,916905,646778,1563683
08/09/2006,2006-08-09,909623,641076,1550699
08/10/2006,2006-08-10,856682,614321,1471003
08/11/2006,2006-08-11,909305,638056,1547361
08/12/2006,2006-08-12,652458,391862,1044320
08/13/2006,2006-08-13,433792,268208,702000
08/14/2006,2006-08-14,857738,595551,1453289
08/15/2006,2006-08-15,888214,618372,1506586
08/16/2006,2006-08-16,878842,620892,1499734
08/17/2006,2006-08-17,874196,628756,1502952
08/18/2006,2006-08-18,869355,638938,1508293
08/19/2006,2006-08-19,612065,384987,997052
08/20/2006,2006-08-20,481484,321400,802884
08/21/2006,2006-08-21,878842,613716,1492558
08/22/2006,2006-08-22,896666,628952,1525618
08/23/2006,2006-08-23,891561,632682,1524243
08/24/2006,2006-08-24,831663,617548,1449211
08/25/2006,2006-08-25,895640,645738,1541378
08/26/2006,2006-08-26,592637,361355,953992
08/27/2006,2006-08-27,417115,276143,693258
08/28/2006,2006-08-28,792601,587722,1380323
08/29/2006,2006-08-29,891705,638128,1529833
08/30/2006,2006-08-30,913445,650359,1563804
08/31/2006,2006-08-31,917102,654437,1571539
09/01/2006,2006-09-01,977274,663472,1640746
09/02/2006,2006-09-02,668504,405986,1074490
09/03/2006,2006-09-03,488706,320575,809281
09/04/2006,2006-09-04,404856,256882,661738
09/05/2006,2006-09-05,1056228,680476,1736704
09/06/2006,2006-09-06,1069326,706958,1776284
09/07/2006,2006-09-07,1043601,726551,1770152
09/08/2006,2006-09-08,985806,708845,1694651
09/09/2006,2006-09-09,609019,386190,995209
09/10/2006,2006-09-10,379770,245048,624818
09/11/2006,2006-09-11,981275,656692,1637967
09/12/2006,2006-09-12,1030796,694780,1725576
09/13/2006,2006-09-13,992146,694220,1686366
09/14/2006,2006-09-14,1054398,719561,1773959
09/15/2006,2006-09-15,1060398,729995,1790393
09/16/2006,2006-09-16,651694,421692,1073386
09/17/2006,2006-09-17,433989,294159,728148
09/18/2006,2006-09-18,1037929,688531,1726460
09/19/2006,2006-09-19,1041255,690760,1732015
09/20/2006,2006-09-20,1053131,700536,1753667
09/21/2006,2006-09-21,1044501,696162,1740663
09/22/2006,2006-09-22,993335,668669,1662004
09/23/2006,2006-09-23,584517,349931,934448
09/24/2006,2006-09-24,420423,259500,679923
09/25/2006,2006-09-25,1041474,666046,1707520
09/26/2006,2006-09-26,1054882,695484,1750366
09/27/2006,2006-09-27,1035426,690413,1725839
09/28/2006,2006-09-28,1043356,676811,1720167
09/29/2006,2006-09-29,1058057,699340,1757397
09/30/2006,2006-09-30,636906,394280,1031186
10/01/2006,2006-10-01,462755,296236,758991
10/02/2006,2006-10-02,981933,635901,1617834
10/03/2006,2006-10-03,1064774,681381,1746155
10/04/2006,2006-10-04,1026517,675804,1702321
10/05/2006,2006-10-05,1060282,698851,1759133
10/06/2006,2006-10-06,1055911,691122,1747033
10/07/2006,2006-10-07,641240,373957,1015197
10/08/2006,2006-10-08,452460,283787,736247
10/09/2006,2006-10-09,806458,572361,1378819
10/10/2006,2006-10-10,1055021,684475,1739496
10/11/2006,2006-10-11,1022625,684138,1706763
10/12/2006,2006-10-12,998899,676609,1675508
10/13/2006,2006-10-13,1014747,680633,1695380
10/14/2006,2006-10-14,622249,386404,1008653
10/15/2006,2006-10-15,420083,260059,680142
10/16/2006,2006-10-16,1011001,668480,1679481
10/17/2006,2006-10-17,1029815,683799,1713614
10/18/2006,2006-10-18,1035671,687285,1722956
10/19/2006,2006-10-19,1035827,689629,1725456
10/20/2006,2006-10-20,1031742,705991,1737733
10/21/2006,2006-10-21,631254,403698,1034952
10/22/2006,2006-10-22,389726,375938,765664
10/23/2006,2006-10-23,1018534,659505,1678039
10/24/2006,2006-10-24,1043962,675059,1719021
10/25/2006,2006-10-25,1057646,663754,1721400
10/26/2006,2006-10-26,994421,659139,1653560
10/27/2006,2006-10-27,1007282,663912,1671194
10/28/2006,2006-10-28,622775,364159,986934
10/29/2006,2006-10-29,434824,265624,700448
10/30/2006,2006-10-30,1033777,660257,1694034
10/31/2006,2006-10-31,997495,663340,1660835
11/01/2006,2006-11-01,1053237,673789,1727026
11/02/2006,2006-11-02,1012046,671054,1683100
11/03/2006,2006-11-03,959706,654291,1613997
11/04/2006,2006-11-04,609584,356326,965910
11/05/2006,2006-11-05,435747,266756,702503
11/06/2006,2006-11-06,1026257,653935,1680192
11/07/2006,2006-11-07,1033037,651606,1684643
11/08/2006,2006-11-08,1046870,674951,1721821
11/09/2006,2006-11-09,1001116,668263,1669379
11/10/2006,2006-11-10,935843,610547,1546390
11/11/2006,2006-11-11,591773,376391,968164
11/12/2006,2006-11-12,417471,251876,669347
11/13/2006,2006-11-13,1007564,643008,1650572
11/14/2006,2006-11-14,1047208,669094,1716302
11/15/2006,2006-11-15,1039976,661667,1701643
11/16/2006,2006-11-16,998140,658701,1656841
11/17/2006,2006-11-17,1018763,664438,1683201
11/18/2006,2006-11-18,620464,403175,1023639
11/19/2006,2006-11-19,417408,242830,660238
11/20/2006,2006-11-20,1022880,638117,1660997
11/21/2006,2006-11-21,1022970,651230,1674200
11/22/2006,2006-11-22,980561,616974,1597535
11/23/2006,2006-11-23,318233,182131,500364
11/24/2006,2006-11-24,628700,393228,1021928
11/25/2006,2006-11-25,549875,317650,867525
11/26/2006,2006-11-26,400592,234961,635553
11/27/2006,2006-11-27,1012191,628799,1640990
11/28/2006,2006-11-28,1030255,648239,1678494
11/29/2006,2006-11-29,976231,634505,1610736
11/30/2006,2006-11-30,985569,649626,1635195
12/01/2006,2006-12-01,912314,629776,1542090
12/02/2006,2006-12-02,595637,338009,933646
12/03/2006,2006-12-03,375419,224761,600180
12/04/2006,2006-12-04,962864,605349,1568213
12/05/2006,2006-12-05,992857,620241,1613098
12/06/2006,2006-12-06,1015490,629687,1645177
12/07/2006,2006-12-07,921792,603900,1525692
12/08/2006,2006-12-08,952445,626294,1578739
12/09/2006,2006-12-09,590225,344215,934440
12/10/2006,2006-12-10,406068,237226,643294
12/11/2006,2006-12-11,995926,609360,1605286
12/12/2006,2006-12-12,991473,612992,1604465
12/13/2006,2006-12-13,1020619,640224,1660843
12/14/2006,2006-12-14,1007667,626704,1634371
12/15/2006,2006-12-15,1002739,632077,1634816
12/16/2006,2006-12-16,632218,356756,988974
12/17/2006,2006-12-17,432910,251802,684712
12/18/2006,2006-12-18,990534,591895,1582429
12/19/2006,2006-12-19,1019785,596338,1616123
12/20/2006,2006-12-20,975226,586048,1561274
12/21/2006,2006-12-21,924778,564199,1488977
12/22/2006,2006-12-22,906201,529373,1435574
12/23/2006,2006-12-23,578507,277455,855962
12/24/2006,2006-12-24,391926,175847,567773
12/25/2006,2006-12-25,242369,112855,355224
12/26/2006,2006-12-26,652808,377449,1030257
12/27/2006,2006-12-27,732919,460703,1193622
12/28/2006,2006-12-28,758151,487441,1245592
12/29/2006,2006-12-29,816636,499735,1316371
12/30/2006,2006-12-30,589298,310684,899982
12/31/2006,2006-12-31,412048,293362,705410
01/01/2007,2007-01-01,326042,219953,545995
01/02/2007,2007-01-02,772549,452097,1224646
01/03/2007,2007-01-03,871683,561287,1432970
01/04/2007,2007-01-04,814984,548904,1363888
01/05/2007,2007-01-05,862748,569322,1432070
01/06/2007,2007-01-06,580851,305019,885870
01/07/2007,2007-01-07,384626,208188,592814
01/08/2007,2007-01-08,976783,594028,1570811
01/09/2007,2007-01-09,978577,598746,1577323
01/10/2007,2007-01-10,968643,599118,1567761
01/11/2007,2007-01-11,967218,602194,1569412
01/12/2007,2007-01-12,973391,603456,1576847
01/13/2007,2007-01-13,562827,308047,870874
01/14/2007,2007-01-14,368736,217983,586719
01/15/2007,2007-01-15,604564,389675,994239
01/16/2007,2007-01-16,978082,620145,1598227
01/17/2007,2007-01-17,977527,618895,1596422
01/18/2007,2007-01-18,982237,620579,1602816
01/19/2007,2007-01-19,978490,617473,1595963
01/20/2007,2007-01-20,576490,316657,893147
01/21/2007,2007-01-21,364130,214796,578926
01/22/2007,2007-01-22,1002003,616824,1618827
01/23/2007,2007-01-23,1011645,629993,1641638
01/24/2007,2007-01-24,1006911,629208,1636119
01/25/2007,2007-01-25,988347,630002,1618349
01/26/2007,2007-01-26,901880,600561,1502441
01/27/2007,2007-01-27,578477,314380,892857
01/28/2007,2007-01-28,345116,199255,544371
01/29/2007,2007-01-29,945286,594742,1540028
01/30/2007,2007-01-30,952201,604145,1556346
01/31/2007,2007-01-31,943384,598814,1542198
02/01/2007,2007-02-01,1007882,616420,1624302
02/02/2007,2007-02-02,958446,584607,1543053
02/03/2007,2007-02-03,454188,247767,701955
02/04/2007,2007-02-04,266510,162712,429222
02/05/2007,2007-02-05,761572,500675,1262247
02/06/2007,2007-02-06,850354,564981,1415335
02/07/2007,2007-02-07,933093,593113,1526206
02/08/2007,2007-02-08,948308,591797,1540105
02/09/2007,2007-02-09,944364,582089,1526453
02/10/2007,2007-02-10,546086,292046,838132
02/11/2007,2007-02-11,369026,201895,570921
02/12/2007,2007-02-12,793846,530211,1324057
02/13/2007,2007-02-13,805441,607127,1412568
02/14/2007,2007-02-14,884567,596676,1481243
02/15/2007,2007-02-15,933588,604415,1538003
02/16/2007,2007-02-16,928048,589591,1517639
02/17/2007,2007-02-17,562470,306944,869414
02/18/2007,2007-02-18,394698,226617,621315
02/19/2007,2007-02-19,736322,466950,1203272
02/20/2007,2007-02-20,1030943,626057,1657000
02/21/2007,2007-02-21,1036604,631249,1667853
02/22/2007,2007-02-22,1018598,631479,1650077
02/23/2007,2007-02-23,999849,617663,1617512
02/24/2007,2007-02-24,544391,302947,847338
02/25/2007,2007-02-25,331808,195652,527460
02/26/2007,2007-02-26,953661,597444,1551105
02/27/2007,2007-02-27,998059,610100,1608159
02/28/2007,2007-02-28,997324,617882,1615206
03/01/2007,2007-03-01,991173,616136,1607309
03/02/2007,2007-03-02,961731,596551,1558282
03/03/2007,2007-03-03,582869,304060,886929
03/04/2007,2007-03-04,400292,214735,615027
03/05/2007,2007-03-05,861145,558483,1419628
03/06/2007,2007-03-06,1004928,611416,1616344
03/07/2007,2007-03-07,1000287,611040,1611327
03/08/2007,2007-03-08,1019684,625383,1645067
03/09/2007,2007-03-09,1021269,616768,1638037
03/10/2007,2007-03-10,645222,343183,988405
03/11/2007,2007-03-11,435861,237257,673118
03/12/2007,2007-03-12,1009154,613447,1622601
03/13/2007,2007-03-13,1053169,648460,1701629
03/14/2007,2007-03-14,1010219,631196,1641415
03/15/2007,2007-03-15,1011742,635295,1647037
03/16/2007,2007-03-16,1019835,638871,1658706
03/17/2007,2007-03-17,622487,432315,1054802
03/18/2007,2007-03-18,420366,236110,656476
03/19/2007,2007-03-19,1007874,607303,1615177
03/20/2007,2007-03-20,1031451,620644,1652095
03/21/2007,2007-03-21,970928,596843,1567771
03/22/2007,2007-03-22,1025487,620409,1645896
03/23/2007,2007-03-23,997803,601679,1599482
03/24/2007,2007-03-24,619377,326859,946236
03/25/2007,2007-03-25,442112,267216,709328
03/26/2007,2007-03-26,1011806,604279,1616085
03/27/2007,2007-03-27,1010067,606509,1616576
03/28/2007,2007-03-28,981180,608639,1589819
03/29/2007,2007-03-29,1014456,626073,1640529
03/30/2007,2007-03-30,1037493,621496,1658989
03/31/2007,2007-03-31,608037,323073,931110
04/01/2007,2007-04-01,425595,222200,647795
04/02/2007,2007-04-02,936869,574727,1511596
04/03/2007,2007-04-03,932688,564461,1497149
04/04/2007,2007-04-04,874823,565985,1440808
04/05/2007,2007-04-05,892666,577450,1470116
04/06/2007,2007-04-06,822387,508529,1330916
04/07/2007,2007-04-07,547926,279962,827888
04/08/2007,2007-04-08,374365,189557,563922
04/09/2007,2007-04-09,1002171,601020,1603191
04/10/2007,2007-04-10,1048978,629888,1678866
04/11/2007,2007-04-11,921761,585857,1507618
04/12/2007,2007-04-12,1015749,617734,1633483
04/13/2007,2007-04-13,946466,621763,1568229
04/14/2007,2007-04-14,619468,349162,968630
04/15/2007,2007-04-15,447385,250988,698373
04/16/2007,2007-04-16,1057373,622244,1679617
04/17/2007,2007-04-17,1058244,631795,1690039
04/18/2007,2007-04-18,1030970,617779,1648749
04/19/2007,2007-04-19,987896,617546,1605442
04/20/2007,2007-04-20,1049980,647296,1697276
04/21/2007,2007-04-21,672236,371504,1043740
04/22/2007,2007-04-22,474187,271708,745895
04/23/2007,2007-04-23,1021947,617017,1638964
04/24/2007,2007-04-24,1054294,631249,1685543
04/25/2007,2007-04-25,927830,604311,1532141
04/26/2007,2007-04-26,954930,604957,1559887
04/27/2007,2007-04-27,1017433,617985,1635418
04/28/2007,2007-04-28,657645,320088,977733
04/29/2007,2007-04-29,467869,237595,705464
04/30/2007,2007-04-30,1030435,599953,1630388
05/01/2007,2007-05-01,1096741,680365,1777106
05/02/2007,2007-05-02,1067338,617675,1685013
05/03/2007,2007-05-03,1102282,631926,1734208
05/04/2007,2007-05-04,1081903,642564,1724467
05/05/2007,2007-05-05,664729,360852,1025581
05/06/2007,2007-05-06,470694,266988,737682
05/07/2007,2007-05-07,1059535,610376,1669911
05/08/2007,2007-05-08,1079400,648555,1727955
05/09/2007,2007-05-09,1061512,645132,1706644
05/10/2007,2007-05-10,1065947,654856,1720803
05/11/2007,2007-05-11,1050841,668098,1718939
05/12/2007,2007-05-12,660001,329029,989030
05/13/2007,2007-05-13,446076,224489,670565
05/14/2007,2007-05-14,1017451,586905,1604356
05/15/2007,2007-05-15,999166,604844,1604010
05/16/2007,2007-05-16,1028004,625297,1653301
05/17/2007,2007-05-17,1043033,627116,1670149
05/18/2007,2007-05-18,1044582,643462,1688044
05/19/2007,2007-05-19,684079,343947,1028026
05/20/2007,2007-05-20,422463,233007,655470
05/21/2007,2007-05-21,1039954,614276,1654230
05/22/2007,2007-05-22,1044661,627087,1671748
05/23/2007,2007-05-23,1028065,623366,1651431
05/24/2007,2007-05-24,1009067,617536,1626603
05/25/2007,2007-05-25,995233,611019,1606252
05/26/2007,2007-05-26,556682,307727,864409
05/27/2007,2007-05-27,451833,270636,722469
05/28/2007,2007-05-28,415256,254935,670191
05/29/2007,2007-05-29,1024735,622662,1647397
05/30/2007,2007-05-30,1055384,637763,1693147
05/31/2007,2007-05-31,997007,612977,1609984
06/01/2007,2007-06-01,1079848,654251,1734099
06/02/2007,2007-06-02,680844,367035,1047879
06/03/2007,2007-06-03,461358,263646,725004
06/04/2007,2007-06-04,988557,611310,1599867
06/05/2007,2007-06-05,1067413,643474,1710887
06/06/2007,2007-06-06,1047624,641107,1688731
06/07/2007,2007-06-07,1041490,656169,1697659
06/08/2007,2007-06-08,1025937,653397,1679334
06/09/2007,2007-06-09,661835,402393,1064228
06/10/2007,2007-06-10,466294,291979,758273
06/11/2007,2007-06-11,1000007,645161,1645168
06/12/2007,2007-06-12,1015390,660899,1676289
06/13/2007,2007-06-13,955467,654913,1610380
06/14/2007,2007-06-14,944081,653008,1597089
06/15/2007,2007-06-15,1018966,670995,1689961
06/16/2007,2007-06-16,633038,363871,996909
06/17/2007,2007-06-17,464411,257682,722093
06/18/2007,2007-06-18,898272,590320,1488592
06/19/2007,2007-06-19,954392,618913,1573305
06/20/2007,2007-06-20,952574,625805,1578379
06/21/2007,2007-06-21,941671,626907,1568578
06/22/2007,2007-06-22,915690,623048,1538738
06/23/2007,2007-06-23,576598,336644,913242
06/24/2007,2007-06-24,451145,346881,798026
06/25/2007,2007-06-25,922491,619299,1541790
06/26/2007,2007-06-26,887917,623390,1511307
06/27/2007,2007-06-27,905210,627568,1532778
06/28/2007,2007-06-28,927302,620611,1547913
06/29/2007,2007-06-29,968906,708650,1677556
06/30/2007,2007-06-30,680629,447188,1127817
07/01/2007,2007-07-01,495101,354648,849749
07/02/2007,2007-07-02,955129,644079,1599208
07/03/2007,2007-07-03,1048504,848262,1896766
07/04/2007,2007-07-04,486961,349716,836677
07/05/2007,2007-07-05,933153,655871,1589024
07/06/2007,2007-07-06,956208,696508,1652716
07/07/2007,2007-07-07,640418,398525,1038943
07/08/2007,2007-07-08,443791,287948,731739
07/09/2007,2007-07-09,896820,587889,1484709
07/10/2007,2007-07-10,939774,610001,1549775
07/11/2007,2007-07-11,973860,629790,1603650
07/12/2007,2007-07-12,962640,631002,1593642
07/13/2007,2007-07-13,956346,676306,1632652
07/14/2007,2007-07-14,687968,383132,1071100
07/15/2007,2007-07-15,489228,289728,778956
07/16/2007,2007-07-16,939642,627282,1566924
07/17/2007,2007-07-17,945057,637429,1582486
07/18/2007,2007-07-18,939708,654848,1594556
07/19/2007,2007-07-19,935717,648112,1583829
07/20/2007,2007-07-20,959207,655992,1615199
07/21/2007,2007-07-21,685445,366356,1051801
07/22/2007,2007-07-22,480317,266827,747144
07/23/2007,2007-07-23,937452,613805,1551257
07/24/2007,2007-07-24,935763,624166,1559929
07/25/2007,2007-07-25,939278,626658,1565936
07/26/2007,2007-07-26,919288,624338,1543626
07/27/2007,2007-07-27,923332,625772,1549104
07/28/2007,2007-07-28,641760,380163,1021923
07/29/2007,2007-07-29,457951,272684,730635
07/30/2007,2007-07-30,917757,620439,1538196
07/31/2007,2007-07-31,946285,637331,1583616
08/01/2007,2007-08-01,974958,643448,1618406
08/02/2007,2007-08-02,944912,650901,1595813
08/03/2007,2007-08-03,976842,692273,1669115
08/04/2007,2007-08-04,646378,422115,1068493
08/05/2007,2007-08-05,457228,332786,790014
08/06/2007,2007-08-06,908881,591244,1500125
08/07/2007,2007-08-07,930259,609984,1540243
08/08/2007,2007-08-08,911127,598593,1509720
08/09/2007,2007-08-09,921233,610768,1532001
08/10/2007,2007-08-10,942284,617817,1560101
08/11/2007,2007-08-11,710009,379200,1089209
08/12/2007,2007-08-12,472709,262521,735230
08/13/2007,2007-08-13,901029,574616,1475645
08/14/2007,2007-08-14,905711,605080,1510791
08/15/2007,2007-08-15,906121,603458,1509579
08/16/2007,2007-08-16,910468,620464,1530932
08/17/2007,2007-08-17,940525,629675,1570200
08/18/2007,2007-08-18,613516,367895,981411
08/19/2007,2007-08-19,384648,241159,625807
08/20/2007,2007-08-20,869663,597026,1466689
08/21/2007,2007-08-21,927597,600468,1528065
08/22/2007,2007-08-22,929593,601469,1531062
08/23/2007,2007-08-23,848806,578731,1427537
08/24/2007,2007-08-24,886880,605153,1492033
08/25/2007,2007-08-25,660678,362365,1023043
08/26/2007,2007-08-26,491356,274617,765973
08/27/2007,2007-08-27,952232,609440,1561672
08/28/2007,2007-08-28,986289,648482,1634771
08/29/2007,2007-08-29,961627,640436,1602063
08/30/2007,2007-08-30,968474,666661,1635135
08/31/2007,2007-08-31,1012720,674373,1687093
09/01/2007,2007-09-01,697334,412998,1110332
09/02/2007,2007-09-02,506887,328760,835647
09/03/2007,2007-09-03,461629,275023,736652
09/04/2007,2007-09-04,1096027,666200,1762227
09/05/2007,2007-09-05,1097897,689499,1787396
09/06/2007,2007-09-06,1068817,689347,1758164
09/07/2007,2007-09-07,1043967,668804,1712771
09/08/2007,2007-09-08,700510,374022,1074532
09/09/2007,2007-09-09,484803,266371,751174
09/10/2007,2007-09-10,1072218,676612,1748830
09/11/2007,2007-09-11,1108582,679973,1788555
09/12/2007,2007-09-12,1090043,680733,1770776
09/13/2007,2007-09-13,1073415,664991,1738406
09/14/2007,2007-09-14,1070397,669129,1739526
09/15/2007,2007-09-15,642789,378741,1021530
09/16/2007,2007-09-16,455579,272814,728393
09/17/2007,2007-09-17,1080112,675627,1755739
09/18/2007,2007-09-18,1104193,689330,1793523
09/19/2007,2007-09-19,1098945,692726,1791671
09/20/2007,2007-09-20,1085299,682588,1767887
09/21/2007,2007-09-21,1077275,697999,1775274
09/22/2007,2007-09-22,678534,361587,1040121
09/23/2007,2007-09-23,481232,269325,750557
09/24/2007,2007-09-24,1065887,649262,1715149
09/25/2007,2007-09-25,1064946,664976,1729922
09/26/2007,2007-09-26,1009515,660197,1669712
09/27/2007,2007-09-27,1093222,675936,1769158
09/28/2007,2007-09-28,1080223,680820,1761043
09/29/2007,2007-09-29,678705,358750,1037455
09/30/2007,2007-09-30,463947,239074,703021
10/01/2007,2007-10-01,1088750,652510,1741260
10/02/2007,2007-10-02,1129578,669817,1799395
10/03/2007,2007-10-03,1141300,678734,1820034
10/04/2007,2007-10-04,1121496,682778,1804274
10/05/2007,2007-10-05,1108038,681736,1789774
10/06/2007,2007-10-06,693470,430713,1124183
10/07/2007,2007-10-07,450253,394647,844900
10/08/2007,2007-10-08,857090,563619,1420709
10/09/2007,2007-10-09,1119151,673318,1792469
10/10/2007,2007-10-10,1075443,666054,1741497
10/11/2007,2007-10-11,1080412,674960,1755372
10/12/2007,2007-10-12,1081900,669582,1751482
10/13/2007,2007-10-13,657864,338481,996345
10/14/2007,2007-10-14,452914,234730,687644
10/15/2007,2007-10-15,1087003,651751,1738754
10/16/2007,2007-10-16,1084935,664961,1749896
10/17/2007,2007-10-17,1096384,668523,1764907
10/18/2007,2007-10-18,1056395,666975,1723370
10/19/2007,2007-10-19,974134,654836,1628970
10/20/2007,2007-10-20,731918,352442,1084360
10/21/2007,2007-10-21,499779,243884,743663
10/22/2007,2007-10-22,1056369,648233,1704602
10/23/2007,2007-10-23,1088752,662913,1751665
10/24/2007,2007-10-24,1080803,662981,1743784
10/25/2007,2007-10-25,1072949,672155,1745104
10/26/2007,2007-10-26,1061706,659354,1721060
10/27/2007,2007-10-27,678861,330492,1009353
10/28/2007,2007-10-28,472765,233248,706013
10/29/2007,2007-10-29,1049394,639837,1689231
10/30/2007,2007-10-30,1088015,654838,1742853
10/31/2007,2007-10-31,1036100,646598,1682698
11/01/2007,2007-11-01,1102515,662120,1764635
11/02/2007,2007-11-02,1019370,640204,1659574
11/03/2007,2007-11-03,718550,331447,1049997
11/04/2007,2007-11-04,491005,224395,715400
11/05/2007,2007-11-05,1074116,645467,1719583
11/06/2007,2007-11-06,1063193,655389,1718582
11/07/2007,2007-11-07,1010629,643227,1653856
11/08/2007,2007-11-08,1058758,663386,1722144
11/09/2007,2007-11-09,1038131,658500,1696631
11/10/2007,2007-11-10,699360,323757,1023117
11/11/2007,2007-11-11,462568,216467,679035
11/12/2007,2007-11-12,843086,551847,1394933
11/13/2007,2007-11-13,1095253,660671,1755924
11/14/2007,2007-11-14,1073985,652294,1726279
11/15/2007,2007-11-15,1056246,653620,1709866
11/16/2007,2007-11-16,1063833,645494,1709327
11/17/2007,2007-11-17,651609,373784,1025393
11/18/2007,2007-11-18,451689,224895,676584
11/19/2007,2007-11-19,1045626,628079,1673705
11/20/2007,2007-11-20,1055688,638081,1693769
11/21/2007,2007-11-21,933046,578739,1511785
11/22/2007,2007-11-22,294447,157890,452337
11/23/2007,2007-11-23,619195,356064,975259
11/24/2007,2007-11-24,541464,285732,827196
11/25/2007,2007-11-25,396237,221021,617258
11/26/2007,2007-11-26,1009519,612439,1621958
11/27/2007,2007-11-27,1044685,629784,1674469
11/28/2007,2007-11-28,1030447,627268,1657715
11/29/2007,2007-11-29,1015386,625742,1641128
11/30/2007,2007-11-30,1064598,631624,1696222
12/01/2007,2007-12-01,606838,307004,913842
12/02/2007,2007-12-02,423280,219797,643077
12/03/2007,2007-12-03,1064265,605852,1670117
12/04/2007,2007-12-04,1082140,625524,1707664
12/05/2007,2007-12-05,1024462,623607,1648069
12/06/2007,2007-12-06,1029586,619960,1649546
12/07/2007,2007-12-07,956775,609732,1566507
12/08/2007,2007-12-08,636461,326501,962962
12/09/2007,2007-12-09,423634,215699,639333
12/10/2007,2007-12-10,1036018,597674,1633692
12/11/2007,2007-12-11,1002470,605203,1607673
12/12/2007,2007-12-12,1051962,615293,1667255
12/13/2007,2007-12-13,1039827,615948,1655775
12/14/2007,2007-12-14,1045488,611182,1656670
12/15/2007,2007-12-15,606795,316867,923662
12/16/2007,2007-12-16,412777,215055,627832
12/17/2007,2007-12-17,968005,564404,1532409
12/18/2007,2007-12-18,1009642,582487,1592129
12/19/2007,2007-12-19,1027855,587683,1615538
12/20/2007,2007-12-20,1016117,578637,1594754
12/21/2007,2007-12-21,1014168,563789,1577957
12/22/2007,2007-12-22,613180,290854,904034
12/23/2007,2007-12-23,347895,184560,532455
12/24/2007,2007-12-24,531176,252649,783825
12/25/2007,2007-12-25,249699,111582,361281
12/26/2007,2007-12-26,707668,399662,1107330
12/27/2007,2007-12-27,773602,462843,1236445
12/28/2007,2007-12-28,747807,463830,1211637
12/29/2007,2007-12-29,546998,277819,824817
12/30/2007,2007-12-30,412003,232213,644216
12/31/2007,2007-12-31,669463,405727,1075190
01/01/2008,2008-01-01,295571,174243,469814
01/02/2008,2008-01-02,699149,471241,1170390
01/03/2008,2008-01-03,783950,517492,1301442
01/04/2008,2008-01-04,851632,537002,1388634
01/05/2008,2008-01-05,568839,280264,849103
01/06/2008,2008-01-06,415385,207391,622776
01/07/2008,2008-01-07,988485,588092,1576577
01/08/2008,2008-01-08,990597,592632,1583229
01/09/2008,2008-01-09,1023189,604515,1627704
01/10/2008,2008-01-10,998489,602398,1600887
01/11/2008,2008-01-11,1022368,602428,1624796
01/12/2008,2008-01-12,604388,299546,903934
01/13/2008,2008-01-13,391645,202380,594025
01/14/2008,2008-01-14,996258,607357,1603615
01/15/2008,2008-01-15,1013209,616432,1629641
01/16/2008,2008-01-16,1041939,626138,1668077
01/17/2008,2008-01-17,998608,619823,1618431
01/18/2008,2008-01-18,959859,585432,1545291
01/19/2008,2008-01-19,414819,231306,646125
01/20/2008,2008-01-20,291354,168692,460046
01/21/2008,2008-01-21,611887,382753,994640
01/22/2008,2008-01-22,992432,615285,1607717
01/23/2008,2008-01-23,974052,605979,1580031
01/24/2008,2008-01-24,910998,588279,1499277
01/25/2008,2008-01-25,859813,565226,1425039
01/26/2008,2008-01-26,572085,293979,866064
01/27/2008,2008-01-27,413581,213177,626758
01/28/2008,2008-01-28,1025845,623259,1649104
01/29/2008,2008-01-29,1011729,627428,1639157
01/30/2008,2008-01-30,882014,580657,1462671
01/31/2008,2008-01-31,961357,626504,1587861
02/01/2008,2008-02-01,911151,593534,1504685
02/02/2008,2008-02-02,627807,320544,948351
02/03/2008,2008-02-03,416661,216443,633104
02/04/2008,2008-02-04,1004041,608975,1613016
02/05/2008,2008-02-05,1058756,632513,1691269
02/06/2008,2008-02-06,925504,609115,1534619
02/07/2008,2008-02-07,1028104,633781,1661885
02/08/2008,2008-02-08,1031968,622837,1654805
02/09/2008,2008-02-09,627412,319751,947163
02/10/2008,2008-02-10,300232,176228,476460
02/11/2008,2008-02-11,818840,559672,1378512
02/12/2008,2008-02-12,819820,553554,1373374
02/13/2008,2008-02-13,1039517,630232,1669749
02/14/2008,2008-02-14,1074632,640598,1715230
02/15/2008,2008-02-15,1036232,618258,1654490
02/16/2008,2008-02-16,649814,336935,986749
02/17/2008,2008-02-17,411858,218846,630704
02/18/2008,2008-02-18,715974,456610,1172584
02/19/2008,2008-02-19,967658,595964,1563622
02/20/2008,2008-02-20,961552,601847,1563399
02/21/2008,2008-02-21,1001382,615384,1616766
02/22/2008,2008-02-22,1021900,610589,1632489
02/23/2008,2008-02-23,648822,325327,974149
02/24/2008,2008-02-24,439134,222548,661682
02/25/2008,2008-02-25,1003187,602866,1606053
02/26/2008,2008-02-26,970886,605240,1576126
02/27/2008,2008-02-27,1019462,617002,1636464
02/28/2008,2008-02-28,1028392,620602,1648994
02/29/2008,2008-02-29,1049773,618230,1668003
03/01/2008,2008-03-01,668866,322061,990927
03/02/2008,2008-03-02,465660,229531,695191
03/03/2008,2008-03-03,890785,556767,1447552
03/04/2008,2008-03-04,1053813,619343,1673156
03/05/2008,2008-03-05,1059027,620660,1679687
03/06/2008,2008-03-06,1055418,624362,1679780
03/07/2008,2008-03-07,1031200,604635,1635835
03/08/2008,2008-03-08,590236,294749,884985
03/09/2008,2008-03-09,415621,215690,631311
03/10/2008,2008-03-10,1024901,606737,1631638
03/11/2008,2008-03-11,1062865,633917,1696782
03/12/2008,2008-03-12,1068268,640051,1708319
03/13/2008,2008-03-13,1070019,642018,1712037
03/14/2008,2008-03-14,1077635,647279,1724914
03/15/2008,2008-03-15,645518,407380,1052898
03/16/2008,2008-03-16,447363,243823,691186
03/17/2008,2008-03-17,897500,584885,1482385
03/18/2008,2008-03-18,909978,593247,1503225
03/19/2008,2008-03-19,945983,608639,1554622
03/20/2008,2008-03-20,955273,600735,1556008
03/21/2008,2008-03-21,767583,493573,1261156
03/22/2008,2008-03-22,589688,288852,878540
03/23/2008,2008-03-23,401640,192284,593924
03/24/2008,2008-03-24,1001268,570762,1572030
03/25/2008,2008-03-25,1036465,596853,1633318
03/26/2008,2008-03-26,1050176,603440,1653616
03/27/2008,2008-03-27,986130,588572,1574702
03/28/2008,2008-03-28,1053516,604448,1657964
03/29/2008,2008-03-29,688035,319080,1007115
03/30/2008,2008-03-30,442777,233663,676440
03/31/2008,2008-03-31,1008940,622143,1631083
04/01/2008,2008-04-01,1114418,637976,1752394
04/02/2008,2008-04-02,1118495,661969,1780464
04/03/2008,2008-04-03,1112511,663802,1776313
04/04/2008,2008-04-04,1115690,653351,1769041
04/05/2008,2008-04-05,765299,356215,1121514
04/06/2008,2008-04-06,523895,249096,772991
04/07/2008,2008-04-07,1084375,638419,1722794
04/08/2008,2008-04-08,1063269,628618,1691887
04/09/2008,2008-04-09,1092341,646940,1739281
04/10/2008,2008-04-10,994944,620427,1615371
04/11/2008,2008-04-11,999556,629067,1628623
04/12/2008,2008-04-12,664161,302616,966777
04/13/2008,2008-04-13,479293,216008,695301
04/14/2008,2008-04-14,1088485,635754,1724239
04/15/2008,2008-04-15,1127401,649135,1776536
04/16/2008,2008-04-16,1064026,661463,1725489
04/17/2008,2008-04-17,1091387,665873,1757260
04/18/2008,2008-04-18,1097367,652105,1749472
04/19/2008,2008-04-19,686540,340662,1027202
04/20/2008,2008-04-20,519280,266945,786225
04/21/2008,2008-04-21,1088521,651232,1739753
04/22/2008,2008-04-22,1085729,671423,1757152
04/23/2008,2008-04-23,1055157,650232,1705389
04/24/2008,2008-04-24,1021163,649514,1670677
04/25/2008,2008-04-25,1054844,629468,1684312
04/26/2008,2008-04-26,698927,319314,1018241
04/27/2008,2008-04-27,481571,225896,707467
04/28/2008,2008-04-28,1009567,606882,1616449
04/29/2008,2008-04-29,1091930,652034,1743964
04/30/2008,2008-04-30,1104713,662503,1767216
05/01/2008,2008-05-01,1129443,680679,1810122
05/02/2008,2008-05-02,1082350,641332,1723682
05/03/2008,2008-05-03,716121,344446,1060567
05/04/2008,2008-05-04,536640,245821,782461
05/05/2008,2008-05-05,1111775,633266,1745041
05/06/2008,2008-05-06,1122716,651484,1774200
05/07/2008,2008-05-07,1045666,631068,1676734
05/08/2008,2008-05-08,1112033,655364,1767397
05/09/2008,2008-05-09,1117011,659889,1776900
05/10/2008,2008-05-10,742741,326525,1069266
05/11/2008,2008-05-11,409987,193452,603439
05/12/2008,2008-05-12,1070403,630574,1700977
05/13/2008,2008-05-13,1092576,652724,1745300
05/14/2008,2008-05-14,1083589,650904,1734493
05/15/2008,2008-05-15,1092014,662730,1754744
05/16/2008,2008-05-16,1110816,668057,1778873
05/17/2008,2008-05-17,749048,350884,1099932
05/18/2008,2008-05-18,518114,248679,766793
05/19/2008,2008-05-19,1076847,614865,1691712
05/20/2008,2008-05-20,1085719,634661,1720380
05/21/2008,2008-05-21,1108988,647342,1756330
05/22/2008,2008-05-22,1097500,649513,1747013
05/23/2008,2008-05-23,1074370,622769,1697139
05/24/2008,2008-05-24,692374,371905,1064279
05/25/2008,2008-05-25,502997,284612,787609
05/26/2008,2008-05-26,460848,274870,735718
05/27/2008,2008-05-27,1026141,626634,1652775
05/28/2008,2008-05-28,1105899,647402,1753301
05/29/2008,2008-05-29,1090598,653634,1744232
05/30/2008,2008-05-30,1079526,637842,1717368
05/31/2008,2008-05-31,788945,374327,1163272
06/01/2008,2008-06-01,566162,279274,845436
06/02/2008,2008-06-02,1098574,638006,1736580
06/03/2008,2008-06-03,1073873,643040,1716913
06/04/2008,2008-06-04,1114498,656098,1770596
06/05/2008,2008-06-05,1104182,673642,1777824
06/06/2008,2008-06-06,1087144,661938,1749082
06/07/2008,2008-06-07,708308,358623,1066931
06/08/2008,2008-06-08,494209,281814,776023
06/09/2008,2008-06-09,1032999,630410,1663409
06/10/2008,2008-06-10,1117614,685952,1803566
06/11/2008,2008-06-11,1100852,696784,1797636
06/12/2008,2008-06-12,1026283,681143,1707426
06/13/2008,2008-06-13,1084190,655268,1739458
06/14/2008,2008-06-14,785252,368109,1153361
06/15/2008,2008-06-15,495972,235961,731933
06/16/2008,2008-06-16,999214,614395,1613609
06/17/2008,2008-06-17,1033341,643362,1676703
06/18/2008,2008-06-18,1043814,654284,1698098
06/19/2008,2008-06-19,1037717,659852,1697569
06/20/2008,2008-06-20,996558,662324,1658882
06/21/2008,2008-06-21,741561,399150,1140711
06/22/2008,2008-06-22,531761,282226,813987
06/23/2008,2008-06-23,1019631,625987,1645618
06/24/2008,2008-06-24,1046337,666522,1712859
06/25/2008,2008-06-25,1005969,662936,1668905
06/26/2008,2008-06-26,1052301,685526,1737827
06/27/2008,2008-06-27,1019687,693555,1713242
06/28/2008,2008-06-28,730245,483016,1213261
06/29/2008,2008-06-29,505046,412562,917608
06/30/2008,2008-06-30,1037295,679631,1716926
07/01/2008,2008-07-01,1098281,694175,1792456
07/02/2008,2008-07-02,1043654,675750,1719404
07/03/2008,2008-07-03,1143777,905742,2049519
07/04/2008,2008-07-04,606974,421170,1028144
07/05/2008,2008-07-05,675949,409554,1085503
07/06/2008,2008-07-06,520542,324341,844883
07/07/2008,2008-07-07,990782,608485,1599267
07/08/2008,2008-07-08,1052665,666338,1719003
07/09/2008,2008-07-09,1093064,686636,1779700
07/10/2008,2008-07-10,1029219,674645,1703864
07/11/2008,2008-07-11,1059114,682404,1741518
07/12/2008,2008-07-12,718369,361910,1080279
07/13/2008,2008-07-13,553236,291565,844801
07/14/2008,2008-07-14,1058694,637119,1695813
07/15/2008,2008-07-15,1088616,655456,1744072
07/16/2008,2008-07-16,1063054,651228,1714282
07/17/2008,2008-07-17,1070349,656485,1726834
07/18/2008,2008-07-18,1050847,664271,1715118
07/19/2008,2008-07-19,675968,342834,1018802
07/20/2008,2008-07-20,546570,284611,831181
07/21/2008,2008-07-21,1024212,635587,1659799
07/22/2008,2008-07-22,1077279,666303,1743582
07/23/2008,2008-07-23,1082583,672801,1755384
07/24/2008,2008-07-24,1062708,695993,1758701
07/25/2008,2008-07-25,1032058,683549,1715607
07/26/2008,2008-07-26,733901,446775,1180676
07/27/2008,2008-07-27,520244,291389,811633
07/28/2008,2008-07-28,996509,622637,1619146
07/29/2008,2008-07-29,1014276,654547,1668823
07/30/2008,2008-07-30,1009837,641527,1651364
07/31/2008,2008-07-31,976117,652936,1629053
08/01/2008,2008-08-01,1081564,766911,1848475
08/02/2008,2008-08-02,764749,502705,1267454
08/03/2008,2008-08-03,549191,403165,952356
08/04/2008,2008-08-04,929003,636533,1565536
08/05/2008,2008-08-05,997379,673384,1670763
08/06/2008,2008-08-06,1020516,684080,1704596
08/07/2008,2008-08-07,1024746,683487,1708233
08/08/2008,2008-08-08,1041165,713105,1754270
08/09/2008,2008-08-09,770627,431699,1202326
08/10/2008,2008-08-10,542860,314698,857558
08/11/2008,2008-08-11,969826,623874,1593700
08/12/2008,2008-08-12,989226,632942,1622168
08/13/2008,2008-08-13,973719,627548,1601267
08/14/2008,2008-08-14,993155,638565,1631720
08/15/2008,2008-08-15,1038006,651338,1689344
08/16/2008,2008-08-16,748347,414784,1163131
08/17/2008,2008-08-17,539476,317781,857257
08/18/2008,2008-08-18,974311,621522,1595833
08/19/2008,2008-08-19,1012560,662493,1675053
08/20/2008,2008-08-20,1019019,671769,1690788
08/21/2008,2008-08-21,1006682,679508,1686190
08/22/2008,2008-08-22,1009399,677130,1686529
08/23/2008,2008-08-23,750128,387758,1137886
08/24/2008,2008-08-24,547427,295072,842499
08/25/2008,2008-08-25,1012339,631974,1644313
08/26/2008,2008-08-26,1051063,653148,1704211
08/27/2008,2008-08-27,1040926,650396,1691322
08/28/2008,2008-08-28,1022254,678635,1700889
08/29/2008,2008-08-29,1080840,681463,1762303
08/30/2008,2008-08-30,766930,395205,1162135
08/31/2008,2008-08-31,557427,325462,882889
09/01/2008,2008-09-01,500748,293458,794206
09/02/2008,2008-09-02,1131494,681719,1813213
09/03/2008,2008-09-03,1166955,710304,1877259
09/04/2008,2008-09-04,1025296,653827,1679123
09/05/2008,2008-09-05,1171756,698545,1870301
09/06/2008,2008-09-06,778425,416356,1194781
09/07/2008,2008-09-07,529779,273883,803662
09/08/2008,2008-09-08,1058699,651127,1709826
09/09/2008,2008-09-09,1176865,712792,1889657
09/10/2008,2008-09-10,1167063,719905,1886968
09/11/2008,2008-09-11,1156490,719806,1876296
09/12/2008,2008-09-12,1120112,700943,1821055
09/13/2008,2008-09-13,597639,317145,914784
09/14/2008,2008-09-14,399483,231026,630509
09/15/2008,2008-09-15,1140716,692029,1832745
09/16/2008,2008-09-16,1168626,731344,1899970
09/17/2008,2008-09-17,1172871,740575,1913446
09/18/2008,2008-09-18,1169932,739141,1909073
09/19/2008,2008-09-19,1174967,743560,1918527
09/20/2008,2008-09-20,791707,447679,1239386
09/21/2008,2008-09-21,551489,317922,869411
09/22/2008,2008-09-22,1140486,690356,1830842
09/23/2008,2008-09-23,1163232,707370,1870602
09/24/2008,2008-09-24,1148720,713572,1862292
09/25/2008,2008-09-25,1162318,720003,1882321
09/26/2008,2008-09-26,1090515,708141,1798656
09/27/2008,2008-09-27,753562,409500,1163062
09/28/2008,2008-09-28,508469,280560,789029
09/29/2008,2008-09-29,1074139,671489,1745628
09/30/2008,2008-09-30,1137377,706085,1843462
10/01/2008,2008-10-01,1197836,724444,1922280
10/02/2008,2008-10-02,1180204,731452,1911656
10/03/2008,2008-10-03,1211992,706967,1918959
10/04/2008,2008-10-04,778642,387182,1165824
10/05/2008,2008-10-05,512429,271121,783550
10/06/2008,2008-10-06,1166019,698883,1864902
10/07/2008,2008-10-07,1133103,689214,1822317
10/08/2008,2008-10-08,1141745,693515,1835260
10/09/2008,2008-10-09,1161478,703190,1864668
10/10/2008,2008-10-10,1169810,716085,1885895
10/11/2008,2008-10-11,750797,444185,1194982
10/12/2008,2008-10-12,495211,436316,931527
10/13/2008,2008-10-13,909500,599831,1509331
10/14/2008,2008-10-14,1165787,704419,1870206
10/15/2008,2008-10-15,1115651,694445,1810096
10/16/2008,2008-10-16,1166556,715760,1882316
10/17/2008,2008-10-17,1162723,709679,1872402
10/18/2008,2008-10-18,766941,425998,1192939
10/19/2008,2008-10-19,537382,296713,834095
10/20/2008,2008-10-20,1092061,674708,1766769
10/21/2008,2008-10-21,1158146,701303,1859449
10/22/2008,2008-10-22,1149832,699333,1849165
10/23/2008,2008-10-23,1144729,703527,1848256
10/24/2008,2008-10-24,1036465,675065,1711530
10/25/2008,2008-10-25,718718,391521,1110239
10/26/2008,2008-10-26,492388,269253,761641
10/27/2008,2008-10-27,1085873,677343,1763216
10/28/2008,2008-10-28,1129560,690269,1819829
10/29/2008,2008-10-29,1123289,696994,1820283
10/30/2008,2008-10-30,1142793,709395,1852188
10/31/2008,2008-10-31,1135299,709363,1844662
11/01/2008,2008-11-01,734026,385865,1119891
11/02/2008,2008-11-02,525585,278142,803727
11/03/2008,2008-11-03,1178414,690751,1869165
11/04/2008,2008-11-04,1152333,786405,1938738
11/05/2008,2008-11-05,1156522,715659,1872181
11/06/2008,2008-11-06,1101916,691666,1793582
11/07/2008,2008-11-07,1040709,678770,1719479
11/08/2008,2008-11-08,675404,398288,1073692
11/09/2008,2008-11-09,475132,267029,742161
11/10/2008,2008-11-10,1000224,656658,1656882
11/11/2008,2008-11-11,891353,599602,1490955
11/12/2008,2008-11-12,1081236,679826,1761062
11/13/2008,2008-11-13,1074912,684049,1758961
11/14/2008,2008-11-14,1133869,683123,1816992
11/15/2008,2008-11-15,688151,374896,1063047
11/16/2008,2008-11-16,459244,245130,704374
11/17/2008,2008-11-17,1080548,652199,1732747
11/18/2008,2008-11-18,1093821,666335,1760156
11/19/2008,2008-11-19,1114917,670515,1785432
11/20/2008,2008-11-20,1085367,670667,1756034
11/21/2008,2008-11-21,1087614,657879,1745493
11/22/2008,2008-11-22,697641,417656,1115297
11/23/2008,2008-11-23,477070,243556,720626
11/24/2008,2008-11-24,1060943,638066,1699009
11/25/2008,2008-11-25,1088066,653433,1741499
11/26/2008,2008-11-26,1032378,599978,1632356
11/27/2008,2008-11-27,350071,189458,539529
11/28/2008,2008-11-28,668376,363454,1031830
11/29/2008,2008-11-29,595913,320575,916488
11/30/2008,2008-11-30,384770,217697,602467
12/01/2008,2008-12-01,1060059,635852,1695911
12/02/2008,2008-12-02,1095425,652324,1747749
12/03/2008,2008-12-03,1115007,658630,1773637
12/04/2008,2008-12-04,1063682,651130,1714812
12/05/2008,2008-12-05,1028359,628044,1656403
12/06/2008,2008-12-06,596202,347667,943869
12/07/2008,2008-12-07,406475,241719,648194
12/08/2008,2008-12-08,1039370,618281,1657651
12/09/2008,2008-12-09,1000971,619711,1620682
12/10/2008,2008-12-10,1041145,640709,1681854
12/11/2008,2008-12-11,1059298,653239,1712537
12/12/2008,2008-12-12,1016010,626638,1642648
12/13/2008,2008-12-13,625939,350799,976738
12/14/2008,2008-12-14,440496,247568,688064
12/15/2008,2008-12-15,899917,564467,1464384
12/16/2008,2008-12-16,906945,632719,1539664
12/17/2008,2008-12-17,982687,615707,1598394
12/18/2008,2008-12-18,995662,618571,1614233
12/19/2008,2008-12-19,894131,596207,1490338
12/20/2008,2008-12-20,589697,335672,925369
12/21/2008,2008-12-21,280044,172052,452096
12/22/2008,2008-12-22,703302,474711,1178013
12/23/2008,2008-12-23,742980,501283,1244263
12/24/2008,2008-12-24,626374,339616,965990
12/25/2008,2008-12-25,238727,113322,352049
12/26/2008,2008-12-26,564107,321342,885449
12/27/2008,2008-12-27,510369,254291,764660
12/28/2008,2008-12-28,397897,219334,617231
12/29/2008,2008-12-29,813142,503359,1316501
12/30/2008,2008-12-30,820666,523516,1344182
12/31/2008,2008-12-31,743027,480797,1223824
01/01/2009,2009-01-01,338779,238590,577369
01/02/2009,2009-01-02,765802,443439,1209241
01/03/2009,2009-01-03,580506,293634,874140
01/04/2009,2009-01-04,402180,213098,615278
01/05/2009,2009-01-05,1012207,591455,1603662
01/06/2009,2009-01-06,1006184,600314,1606498
01/07/2009,2009-01-07,991858,606481,1598339
01/08/2009,2009-01-08,1000931,606524,1607455
01/09/2009,2009-01-09,985250,625043,1610293
01/10/2009,2009-01-10,521906,304657,826563
01/11/2009,2009-01-11,390151,219600,609751
01/12/2009,2009-01-12,1009651,629944,1639595
01/13/2009,2009-01-13,952091,615363,1567454
01/14/2009,2009-01-14,905548,620646,1526194
01/15/2009,2009-01-15,755677,532219,1287896
01/16/2009,2009-01-16,822136,542180,1364316
01/17/2009,2009-01-17,553273,302764,856037
01/18/2009,2009-01-18,397317,224910,622227
01/19/2009,2009-01-19,665251,409551,1074802
01/20/2009,2009-01-20,1018227,624553,1642780
01/21/2009,2009-01-21,1068170,647903,1716073
01/22/2009,2009-01-22,1082611,657786,1740397
01/23/2009,2009-01-23,979795,622633,1602428
01/24/2009,2009-01-24,561515,316086,877601
01/25/2009,2009-01-25,376302,215452,591754
01/26/2009,2009-01-26,1024953,633365,1658318
01/27/2009,2009-01-27,1050873,646578,1697451
01/28/2009,2009-01-28,1044085,653089,1697174
01/29/2009,2009-01-29,1040926,648114,1689040
01/30/2009,2009-01-30,1059741,627734,1687475
01/31/2009,2009-01-31,667780,340757,1008537
02/01/2009,2009-02-01,459271,242773,702044
02/02/2009,2009-02-02,1062276,628819,1691095
02/03/2009,2009-02-03,1058730,636578,1695308
02/04/2009,2009-02-04,1026435,631042,1657477
02/05/2009,2009-02-05,1064605,643718,1708323
02/06/2009,2009-02-06,1090042,639394,1729436
02/07/2009,2009-02-07,722336,387825,1110161
02/08/2009,2009-02-08,469249,245082,714331
02/09/2009,2009-02-09,1061620,634229,1695849
02/10/2009,2009-02-10,1121451,666014,1787465
02/11/2009,2009-02-11,1001838,637558,1639396
02/12/2009,2009-02-12,943891,620278,1564169
02/13/2009,2009-02-13,1008863,643066,1651929
02/14/2009,2009-02-14,711324,388028,1099352
02/15/2009,2009-02-15,466104,262442,728546
02/16/2009,2009-02-16,765356,486133,1251489
02/17/2009,2009-02-17,1087248,654156,1741404
02/18/2009,2009-02-18,1030930,637389,1668319
02/19/2009,2009-02-19,1004978,639414,1644392
02/20/2009,2009-02-20,1032282,632936,1665218
02/21/2009,2009-02-21,578539,329252,907791
02/22/2009,2009-02-22,422899,231506,654405
02/23/2009,2009-02-23,1030913,619409,1650322
02/24/2009,2009-02-24,1072167,642992,1715159
02/25/2009,2009-02-25,1082105,650665,1732770
02/26/2009,2009-02-26,981515,624424,1605939
02/27/2009,2009-02-27,1045953,631269,1677222
02/28/2009,2009-02-28,639146,349295,988441
03/01/2009,2009-03-01,385236,219552,604788
03/02/2009,2009-03-02,866001,570796,1436797
03/03/2009,2009-03-03,1095720,642501,1738221
03/04/2009,2009-03-04,1098350,648398,1746748
03/05/2009,2009-03-05,1105607,658867,1764474
03/06/2009,2009-03-06,1106466,653708,1760174
03/07/2009,2009-03-07,564839,319673,884512
03/08/2009,2009-03-08,367983,212484,580467
03/09/2009,2009-03-09,1073249,638209,1711458
03/10/2009,2009-03-10,1026177,636119,1662296
03/11/2009,2009-03-11,1058738,649963,1708701
03/12/2009,2009-03-12,1039462,646252,1685714
03/13/2009,2009-03-13,1075419,656181,1731600
03/14/2009,2009-03-14,699923,471323,1171246
03/15/2009,2009-03-15,484927,286972,771899
03/16/2009,2009-03-16,1040208,648040,1688248
03/17/2009,2009-03-17,1110747,683241,1793988
03/18/2009,2009-03-18,1051328,653127,1704455
03/19/2009,2009-03-19,1073688,656286,1729974
03/20/2009,2009-03-20,1064573,643149,1707722
03/21/2009,2009-03-21,684551,377094,1061645
03/22/2009,2009-03-22,471865,260374,732239
03/23/2009,2009-03-23,1007657,598236,1605893
03/24/2009,2009-03-24,1023641,616038,1639679
03/25/2009,2009-03-25,1052157,625381,1677538
03/26/2009,2009-03-26,1053676,633781,1687457
03/27/2009,2009-03-27,969091,614690,1583781
03/28/2009,2009-03-28,582316,331568,913884
03/29/2009,2009-03-29,360851,229406,590257
03/30/2009,2009-03-30,1044468,628992,1673460
03/31/2009,2009-03-31,1007561,628945,1636506
04/01/2009,2009-04-01,1103516,658559,1762075
04/02/2009,2009-04-02,1017567,649643,1667210
04/03/2009,2009-04-03,1094889,653334,1748223
04/04/2009,2009-04-04,696212,390735,1086947
04/05/2009,2009-04-05,394704,236381,631085
04/06/2009,2009-04-06,878367,593691,1472058
04/07/2009,2009-04-07,948719,636189,1584908
04/08/2009,2009-04-08,963532,642963,1606495
04/09/2009,2009-04-09,952099,638401,1590500
04/10/2009,2009-04-10,866040,562197,1428237
04/11/2009,2009-04-11,641437,349911,991348
04/12/2009,2009-04-12,423274,228889,652163
04/13/2009,2009-04-13,937261,619681,1556942
04/14/2009,2009-04-14,1028849,642703,1671552
04/15/2009,2009-04-15,1073275,682839,1756114
04/16/2009,2009-04-16,1082379,692868,1775247
04/17/2009,2009-04-17,1087613,695313,1782926
04/18/2009,2009-04-18,690066,421519,1111585
04/19/2009,2009-04-19,398430,243756,642186
04/20/2009,2009-04-20,1007645,629066,1636711
04/21/2009,2009-04-21,1030738,659154,1689892
04/22/2009,2009-04-22,1040599,679753,1720352
04/23/2009,2009-04-23,1039524,688741,1728265
04/24/2009,2009-04-24,1084984,679180,1764164
04/25/2009,2009-04-25,612802,358235,971037
04/26/2009,2009-04-26,422437,251595,674032
04/27/2009,2009-04-27,972593,633164,1605757
04/28/2009,2009-04-28,1043138,650112,1693250
04/29/2009,2009-04-29,1045681,648841,1694522
04/30/2009,2009-04-30,999397,660465,1659862
05/01/2009,2009-05-01,1116163,677684,1793847
05/02/2009,2009-05-02,764832,399421,1164253
05/03/2009,2009-05-03,528055,291070,819125
05/04/2009,2009-05-04,1081915,667219,1749134
05/05/2009,2009-05-05,1091934,680732,1772666
05/06/2009,2009-05-06,1040297,650834,1691131
05/07/2009,2009-05-07,1071031,675865,1746896
05/08/2009,2009-05-08,1084713,657966,1742679
05/09/2009,2009-05-09,674760,343099,1017859
05/10/2009,2009-05-10,474595,249540,724135
05/11/2009,2009-05-11,1019002,620480,1639482
05/12/2009,2009-05-12,1070549,675570,1746119
05/13/2009,2009-05-13,979697,640084,1619781
05/14/2009,2009-05-14,1074183,690670,1764853
05/15/2009,2009-05-15,985291,650805,1636096
05/16/2009,2009-05-16,746301,406577,1152878
05/17/2009,2009-05-17,511550,293680,805230
05/18/2009,2009-05-18,1045190,623839,1669029
05/19/2009,2009-05-19,1072111,650975,1723086
05/20/2009,2009-05-20,1085546,664197,1749743
05/21/2009,2009-05-21,1070609,663646,1734255
05/22/2009,2009-05-22,1052067,637603,1689670
05/23/2009,2009-05-23,700549,367228,1067777
05/24/2009,2009-05-24,511582,288558,800140
05/25/2009,2009-05-25,409208,258452,667660
05/26/2009,2009-05-26,998498,634549,1633047
05/27/2009,2009-05-27,1026962,648266,1675228
05/28/2009,2009-05-28,1038163,663980,1702143
05/29/2009,2009-05-29,1064215,677893,1742108
05/30/2009,2009-05-30,695552,385727,1081279
05/31/2009,2009-05-31,511749,289239,800988
06/01/2009,2009-06-01,1011224,619841,1631065
06/02/2009,2009-06-02,1036601,635007,1671608
06/03/2009,2009-06-03,1092082,659178,1751260
06/04/2009,2009-06-04,1078827,665490,1744317
06/05/2009,2009-06-05,1074738,656345,1731083
06/06/2009,2009-06-06,676207,368951,1045158
06/07/2009,2009-06-07,489403,264624,754027
06/08/2009,2009-06-08,1003036,633669,1636705
06/09/2009,2009-06-09,1017857,645412,1663269
06/10/2009,2009-06-10,1010707,655620,1666327
06/11/2009,2009-06-11,881200,627380,1508580
06/12/2009,2009-06-12,1067730,722970,1790700
06/13/2009,2009-06-13,619909,429667,1049576
06/14/2009,2009-06-14,519510,372743,892253
06/15/2009,2009-06-15,969271,636444,1605715
06/16/2009,2009-06-16,913925,644994,1558919
06/17/2009,2009-06-17,978050,671546,1649596
06/18/2009,2009-06-18,970757,684946,1655703
06/19/2009,2009-06-19,868477,622117,1490594
06/20/2009,2009-06-20,757562,423217,1180779
06/21/2009,2009-06-21,514773,292519,807292
06/22/2009,2009-06-22,957022,623252,1580274
06/23/2009,2009-06-23,978739,644145,1622884
06/24/2009,2009-06-24,937838,642145,1579983
06/25/2009,2009-06-25,969861,659105,1628966
06/26/2009,2009-06-26,985078,708491,1693569
06/27/2009,2009-06-27,692627,469970,1162597
06/28/2009,2009-06-28,516762,469985,986747
06/29/2009,2009-06-29,961592,649188,1610780
06/30/2009,2009-06-30,962402,648809,1611211
07/01/2009,2009-07-01,1003064,680635,1683699
07/02/2009,2009-07-02,1020960,713778,1734738
07/03/2009,2009-07-03,791721,711335,1503056
07/04/2009,2009-07-04,540914,394405,935319
07/05/2009,2009-07-05,507244,364973,872217
07/06/2009,2009-07-06,966889,643223,1610112
07/07/2009,2009-07-07,977293,670829,1648122
07/08/2009,2009-07-08,954018,667258,1621276
07/09/2009,2009-07-09,1002646,673821,1676467
07/10/2009,2009-07-10,938460,672582,1611042
07/11/2009,2009-07-11,733100,422670,1155770
07/12/2009,2009-07-12,525978,335349,861327
07/13/2009,2009-07-13,975656,638789,1614445
07/14/2009,2009-07-14,975173,644793,1619966
07/15/2009,2009-07-15,984189,650434,1634623
07/16/2009,2009-07-16,990574,683021,1673595
07/17/2009,2009-07-17,954520,667858,1622378
07/18/2009,2009-07-18,711371,421356,1132727
07/19/2009,2009-07-19,493670,311785,805455
07/20/2009,2009-07-20,963999,643810,1607809
07/21/2009,2009-07-21,986777,683790,1670567
07/22/2009,2009-07-22,973865,654420,1628285
07/23/2009,2009-07-23,959920,673917,1633837
07/24/2009,2009-07-24,968278,686977,1655255
07/25/2009,2009-07-25,693104,467927,1161031
07/26/2009,2009-07-26,490518,334490,825008
07/27/2009,2009-07-27,939982,648312,1588294
07/28/2009,2009-07-28,956278,667503,1623781
07/29/2009,2009-07-29,958820,672872,1631692
07/30/2009,2009-07-30,926905,680056,1606961
07/31/2009,2009-07-31,997830,674810,1672640
08/01/2009,2009-08-01,712791,396785,1109576
08/02/2009,2009-08-02,541877,324804,866681
08/03/2009,2009-08-03,945629,612506,1558135
08/04/2009,2009-08-04,966555,645725,1612280
08/05/2009,2009-08-05,965266,653026,1618292
08/06/2009,2009-08-06,958790,673897,1632687
08/07/2009,2009-08-07,900717,695143,1595860
08/08/2009,2009-08-08,714606,503501,1218107
08/09/2009,2009-08-09,492623,383769,876392
08/10/2009,2009-08-10,920020,624034,1544054
08/11/2009,2009-08-11,950753,672387,1623140
08/12/2009,2009-08-12,951988,666879,1618867
08/13/2009,2009-08-13,946370,674767,1621137
08/14/2009,2009-08-14,969081,683249,1652330
08/15/2009,2009-08-15,722837,472275,1195112
08/16/2009,2009-08-16,473628,338169,811797
08/17/2009,2009-08-17,854426,594551,1448977
08/18/2009,2009-08-18,948964,636143,1585107
08/19/2009,2009-08-19,917526,624721,1542247
08/20/2009,2009-08-20,922627,630083,1552710
08/21/2009,2009-08-21,946374,633411,1579785
08/22/2009,2009-08-22,713225,393634,1106859
08/23/2009,2009-08-23,516846,283806,800652
08/24/2009,2009-08-24,966314,634030,1600344
08/25/2009,2009-08-25,993279,680981,1674260
08/26/2009,2009-08-26,921926,651492,1573418
08/27/2009,2009-08-27,934232,664531,1598763
08/28/2009,2009-08-28,974302,674306,1648608
08/29/2009,2009-08-29,708836,405427,1114263
08/30/2009,2009-08-30,505635,302535,808170
08/31/2009,2009-08-31,975508,658827,1634335
09/01/2009,2009-09-01,1055167,680368,1735535
09/02/2009,2009-09-02,1032505,682877,1715382
09/03/2009,2009-09-03,1063234,714324,1777558
09/04/2009,2009-09-04,1020694,678461,1699155
09/05/2009,2009-09-05,701349,428069,1129418
09/06/2009,2009-09-06,503694,338561,842255
09/07/2009,2009-09-07,463198,299374,762572
09/08/2009,2009-09-08,1004429,709373,1713802
09/09/2009,2009-09-09,1097851,711047,1808898
09/10/2009,2009-09-10,1099979,713849,1813828
09/11/2009,2009-09-11,1114404,743271,1857675
09/12/2009,2009-09-12,728447,482038,1210485
09/13/2009,2009-09-13,517813,355437,873250
09/14/2009,2009-09-14,1101985,714141,1816126
09/15/2009,2009-09-15,1115027,729171,1844198
09/16/2009,2009-09-16,1108929,732849,1841778
09/17/2009,2009-09-17,1112462,745180,1857642
09/18/2009,2009-09-18,1102861,708997,1811858
09/19/2009,2009-09-19,721408,415652,1137060
09/20/2009,2009-09-20,480835,292572,773407
09/21/2009,2009-09-21,1076200,692304,1768504
09/22/2009,2009-09-22,1098839,708391,1807230
09/23/2009,2009-09-23,1102842,718424,1821266
09/24/2009,2009-09-24,1099145,712276,1811421
09/25/2009,2009-09-25,1010229,697003,1707232
09/26/2009,2009-09-26,702445,426960,1129405
09/27/2009,2009-09-27,494098,295158,789256
09/28/2009,2009-09-28,1025351,659478,1684829
09/29/2009,2009-09-29,1070466,701863,1772329
09/30/2009,2009-09-30,1092412,723123,1815535
10/01/2009,2009-10-01,1092443,714559,1807002
10/02/2009,2009-10-02,1094376,710954,1805330
10/03/2009,2009-10-03,715566,415308,1130874
10/04/2009,2009-10-04,514280,309529,823809
10/05/2009,2009-10-05,1110701,690993,1801694
10/06/2009,2009-10-06,1071550,693172,1764722
10/07/2009,2009-10-07,1111089,714396,1825485
10/08/2009,2009-10-08,1063003,714502,1777505
10/09/2009,2009-10-09,1023705,689843,1713548
10/10/2009,2009-10-10,676836,433332,1110168
10/11/2009,2009-10-11,436381,428201,864582
10/12/2009,2009-10-12,827772,594084,1421856
10/13/2009,2009-10-13,1102805,706201,1809006
10/14/2009,2009-10-14,1077269,703009,1780278
10/15/2009,2009-10-15,1052994,712178,1765172
10/16/2009,2009-10-16,1067868,708838,1776706
10/17/2009,2009-10-17,692682,420801,1113483
10/18/2009,2009-10-18,494901,296936,791837
10/19/2009,2009-10-19,1094468,697391,1791859
10/20/2009,2009-10-20,1095869,709084,1804953
10/21/2009,2009-10-21,1110910,714863,1825773
10/22/2009,2009-10-22,1051505,708978,1760483
10/23/2009,2009-10-23,932000,664168,1596168
10/24/2009,2009-10-24,672636,394925,1067561
10/25/2009,2009-10-25,471453,278478,749931
10/26/2009,2009-10-26,1045756,673242,1718998
10/27/2009,2009-10-27,1106013,699054,1805067
10/28/2009,2009-10-28,1091208,699543,1790751
10/29/2009,2009-10-29,1096369,715628,1811997
10/30/2009,2009-10-30,1035778,680089,1715867
10/31/2009,2009-10-31,698324,406844,1105168
11/01/2009,2009-11-01,494777,290701,785478
11/02/2009,2009-11-02,1099218,681759,1780977
11/03/2009,2009-11-03,1136686,697012,1833698
11/04/2009,2009-11-04,1105418,695322,1800740
11/05/2009,2009-11-05,1114979,710657,1825636
11/06/2009,2009-11-06,1015815,683216,1699031
11/07/2009,2009-11-07,723832,419045,1142877
11/08/2009,2009-11-08,512125,297504,809629
11/09/2009,2009-11-09,1076270,673433,1749703
11/10/2009,2009-11-10,1090758,686972,1777730
11/11/2009,2009-11-11,908424,620355,1528779
11/12/2009,2009-11-12,1097428,709937,1807365
11/13/2009,2009-11-13,1092994,693142,1786136
11/14/2009,2009-11-14,694924,410234,1105158
11/15/2009,2009-11-15,460225,274484,734709
11/16/2009,2009-11-16,1061332,668884,1730216
11/17/2009,2009-11-17,1060364,677993,1738357
11/18/2009,2009-11-18,1043248,676849,1720097
11/19/2009,2009-11-19,1021173,682045,1703218
11/20/2009,2009-11-20,1105710,692325,1798035
11/21/2009,2009-11-21,702789,482859,1185648
11/22/2009,2009-11-22,485345,297371,782716
11/23/2009,2009-11-23,1073100,665885,1738985
11/24/2009,2009-11-24,1054145,665966,1720111
11/25/2009,2009-11-25,997101,612769,1609870
11/26/2009,2009-11-26,329214,188829,518043
11/27/2009,2009-11-27,647293,378145,1025438
11/28/2009,2009-11-28,587950,342511,930461
11/29/2009,2009-11-29,399383,238190,637573
11/30/2009,2009-11-30,1048329,650622,1698951
12/01/2009,2009-12-01,1130467,682786,1813253
12/02/2009,2009-12-02,1094833,673684,1768517
12/03/2009,2009-12-03,1098849,686030,1784879
12/04/2009,2009-12-04,973336,652626,1625962
12/05/2009,2009-12-05,671524,385396,1056920
12/06/2009,2009-12-06,461240,276654,737894
12/07/2009,2009-12-07,1034149,643604,1677753
12/08/2009,2009-12-08,1031237,661097,1692334
12/09/2009,2009-12-09,985064,649445,1634509
12/10/2009,2009-12-10,875574,598439,1474013
12/11/2009,2009-12-11,980494,627993,1608487
12/12/2009,2009-12-12,653142,371427,1024569
12/13/2009,2009-12-13,457587,265706,723293
12/14/2009,2009-12-14,1003184,616209,1619393
12/15/2009,2009-12-15,988681,619534,1608215
12/16/2009,2009-12-16,968963,614739,1583702
12/17/2009,2009-12-17,995849,624996,1620845
12/18/2009,2009-12-18,1005529,623684,1629213
12/19/2009,2009-12-19,612039,350048,962087
12/20/2009,2009-12-20,441105,257984,699089
12/21/2009,2009-12-21,848265,548679,1396944
12/22/2009,2009-12-22,818602,546637,1365239
12/23/2009,2009-12-23,778855,498841,1277696
12/24/2009,2009-12-24,584096,303611,887707
12/25/2009,2009-12-25,249347,121545,370892
12/26/2009,2009-12-26,464351,237093,701444
12/27/2009,2009-12-27,368183,207527,575710
12/28/2009,2009-12-28,740043,469843,1209886
12/29/2009,2009-12-29,753943,488944,1242887
12/30/2009,2009-12-30,760344,500436,1260780
12/31/2009,2009-12-31,750868,461311,1212179
01/01/2010,2010-01-01,348324,217060,565384
01/02/2010,2010-01-02,484655,264011,748666
01/03/2010,2010-01-03,354762,200944,555706
01/04/2010,2010-01-04,938766,569397,1508163
01/05/2010,2010-01-05,970860,589044,1559904
01/06/2010,2010-01-06,980962,598511,1579473
01/07/2010,2010-01-07,901941,616491,1518432
01/08/2010,2010-01-08,937662,597434,1535096
01/09/2010,2010-01-09,550886,310265,861151
01/10/2010,2010-01-10,372942,216331,589273
01/11/2010,2010-01-11,983964,609826,1593790
01/12/2010,2010-01-12,1012053,626651,1638704
01/13/2010,2010-01-13,1031317,632953,1664270
01/14/2010,2010-01-14,1036398,641827,1678225
01/15/2010,2010-01-15,1043125,634202,1677327
01/16/2010,2010-01-16,616904,348293,965197
01/17/2010,2010-01-17,437665,251971,689636
01/18/2010,2010-01-18,672311,416744,1089055
01/19/2010,2010-01-19,1083689,661331,1745020
01/20/2010,2010-01-20,1069450,657695,1727145
01/21/2010,2010-01-21,1037561,659269,1696830
01/22/2010,2010-01-22,1061872,642443,1704315
01/23/2010,2010-01-23,636107,355143,991250
01/24/2010,2010-01-24,416766,239968,656734
01/25/2010,2010-01-25,1039778,645886,1685664
01/26/2010,2010-01-26,1037134,653753,1690887
01/27/2010,2010-01-27,1022417,648561,1670978
01/28/2010,2010-01-28,1002952,647250,1650202
01/29/2010,2010-01-29,918474,610943,1529417
01/30/2010,2010-01-30,636005,358140,994145
01/31/2010,2010-01-31,437345,249932,687277
02/01/2010,2010-02-01,1091041,648428,1739469
02/02/2010,2010-02-02,1062988,651659,1714647
02/03/2010,2010-02-03,1114266,661280,1775546
02/04/2010,2010-02-04,1090369,666455,1756824
02/05/2010,2010-02-05,1047904,641303,1689207
02/06/2010,2010-02-06,616747,354178,970925
02/07/2010,2010-02-07,417214,248644,665858
02/08/2010,2010-02-08,1006311,637392,1643703
02/09/2010,2010-02-09,913022,646792,1559814
02/10/2010,2010-02-10,939412,645430,1584842
02/11/2010,2010-02-11,921768,657486,1579254
02/12/2010,2010-02-12,886702,608456,1495158
02/13/2010,2010-02-13,641619,385945,1027564
02/14/2010,2010-02-14,486887,309746,796633
02/15/2010,2010-02-15,722405,483572,1205977
02/16/2010,2010-02-16,1028597,665769,1694366
02/17/2010,2010-02-17,1028817,663479,1692296
02/18/2010,2010-02-18,1026992,673127,1700119
02/19/2010,2010-02-19,1030451,658459,1688910
02/20/2010,2010-02-20,625306,379346,1004652
02/21/2010,2010-02-21,418101,256673,674774
02/22/2010,2010-02-22,953759,633739,1587498
02/23/2010,2010-02-23,1015116,659707,1674823
02/24/2010,2010-02-24,996077,660548,1656625
02/25/2010,2010-02-25,1000799,668380,1669179
02/26/2010,2010-02-26,999789,649111,1648900
02/27/2010,2010-02-27,603577,372769,976346
02/28/2010,2010-02-28,418652,259369,678021
03/01/2010,2010-03-01,893861,606818,1500679
03/02/2010,2010-03-02,1032445,666762,1699207
03/03/2010,2010-03-03,1062280,674355,1736635
03/04/2010,2010-03-04,1051738,680673,1732411
03/05/2010,2010-03-05,1036156,664445,1700601
03/06/2010,2010-03-06,662470,399749,1062219
03/07/2010,2010-03-07,418097,257932,676029
03/08/2010,2010-03-08,1013812,651269,1665081
03/09/2010,2010-03-09,1025242,665192,1690434
03/10/2010,2010-03-10,1030470,670440,1700910
03/11/2010,2010-03-11,994390,664881,1659271
03/12/2010,2010-03-12,1013971,662812,1676783
03/13/2010,2010-03-13,593823,443491,1037314
03/14/2010,2010-03-14,428683,273849,702532
03/15/2010,2010-03-15,996747,648605,1645352
03/16/2010,2010-03-16,1036185,679563,1715748
03/17/2010,2010-03-17,1043518,689789,1733307
03/18/2010,2010-03-18,1036643,690207,1726850
03/19/2010,2010-03-19,1022766,663983,1686749
03/20/2010,2010-03-20,505581,325253,830834
03/21/2010,2010-03-21,405115,271794,676909
03/22/2010,2010-03-22,981316,617250,1598566
03/23/2010,2010-03-23,1012454,638684,1651138
03/24/2010,2010-03-24,987466,633221,1620687
03/25/2010,2010-03-25,949845,629016,1578861
03/26/2010,2010-03-26,971169,632589,1603758
03/27/2010,2010-03-27,608093,373225,981318
03/28/2010,2010-03-28,413535,260956,674491
03/29/2010,2010-03-29,852199,601592,1453791
03/30/2010,2010-03-30,884276,625592,1509868
03/31/2010,2010-03-31,901476,645780,1547256
04/01/2010,2010-04-01,949879,673448,1623327
04/02/2010,2010-04-02,881173,601009,1482182
04/03/2010,2010-04-03,583966,340842,924808
04/04/2010,2010-04-04,400341,234963,635304
04/05/2010,2010-04-05,975213,657842,1633055
04/06/2010,2010-04-06,984899,664805,1649704
04/07/2010,2010-04-07,940753,666668,1607421
04/08/2010,2010-04-08,988825,683625,1672450
04/09/2010,2010-04-09,948808,679699,1628507
04/10/2010,2010-04-10,663179,440432,1103611
04/11/2010,2010-04-11,440552,289141,729693
04/12/2010,2010-04-12,1008809,689027,1697836
04/13/2010,2010-04-13,1031798,679327,1711125
04/14/2010,2010-04-14,1043690,714316,1758006
04/15/2010,2010-04-15,1040113,728178,1768291
04/16/2010,2010-04-16,1005953,706984,1712937
04/17/2010,2010-04-17,643599,438658,1082257
04/18/2010,2010-04-18,443588,309798,753386
04/19/2010,2010-04-19,1006105,663348,1669453
04/20/2010,2010-04-20,1023621,685488,1709109
04/21/2010,2010-04-21,1010968,682322,1693290
04/22/2010,2010-04-22,976688,683400,1660088
04/23/2010,2010-04-23,996166,671480,1667646
04/24/2010,2010-04-24,588835,385430,974265
04/25/2010,2010-04-25,387151,264966,652117
04/26/2010,2010-04-26,1014665,682134,1696799
04/27/2010,2010-04-27,1022698,697232,1719930
04/28/2010,2010-04-28,981925,695381,1677306
04/29/2010,2010-04-29,971157,697327,1668484
04/30/2010,2010-04-30,1032120,707210,1739330
05/01/2010,2010-05-01,668743,455658,1124401
05/02/2010,2010-05-02,458651,314736,773387
05/03/2010,2010-05-03,1051064,673932,1724996
05/04/2010,2010-05-04,1047595,687646,1735241
05/05/2010,2010-05-05,1033684,692081,1725765
05/06/2010,2010-05-06,1030345,690306,1720651
05/07/2010,2010-05-07,959307,650935,1610242
05/08/2010,2010-05-08,608071,379017,987088
05/09/2010,2010-05-09,439376,282516,721892
05/10/2010,2010-05-10,982426,680635,1663061
05/11/2010,2010-05-11,948970,668287,1617257
05/12/2010,2010-05-12,987926,682843,1670769
05/13/2010,2010-05-13,955701,664390,1620091
05/14/2010,2010-05-14,1022640,708596,1731236
05/15/2010,2010-05-15,632980,428608,1061588
05/16/2010,2010-05-16,446820,316780,763600
05/17/2010,2010-05-17,951092,643233,1594325
05/18/2010,2010-05-18,976377,669846,1646223
05/19/2010,2010-05-19,1009046,668811,1677857
05/20/2010,2010-05-20,982640,667152,1649792
05/21/2010,2010-05-21,949316,656659,1605975
05/22/2010,2010-05-22,646961,413263,1060224
05/23/2010,2010-05-23,490423,322958,813381
05/24/2010,2010-05-24,974382,650835,1625217
05/25/2010,2010-05-25,1005290,690144,1695434
05/26/2010,2010-05-26,1004824,688396,1693220
05/27/2010,2010-05-27,995700,697901,1693601
05/28/2010,2010-05-28,994671,694492,1689163
05/29/2010,2010-05-29,645684,455979,1101663
05/30/2010,2010-05-30,480340,367778,848118
05/31/2010,2010-05-31,347857,243566,591423
06/01/2010,2010-06-01,1024767,669261,1694028
06/02/2010,2010-06-02,990049,663107,1653156
06/03/2010,2010-06-03,1042401,688706,1731107
06/04/2010,2010-06-04,1013014,679386,1692400
06/05/2010,2010-06-05,596776,390596,987372
06/06/2010,2010-06-06,455093,308756,763849
06/07/2010,2010-06-07,1001595,679492,1681087
06/08/2010,2010-06-08,931456,652565,1584021
06/09/2010,2010-06-09,1032439,707821,1740260
06/10/2010,2010-06-10,1019373,707755,1727128
06/11/2010,2010-06-11,979074,845329,1824403
06/12/2010,2010-06-12,600914,444278,1045192
06/13/2010,2010-06-13,451434,348910,800344
06/14/2010,2010-06-14,955902,662467,1618369
06/15/2010,2010-06-15,948177,686852,1635029
06/16/2010,2010-06-16,1003968,723671,1727639
06/17/2010,2010-06-17,954409,719629,1674038
06/18/2010,2010-06-18,940534,693973,1634507
06/19/2010,2010-06-19,673052,472662,1145714
06/20/2010,2010-06-20,465420,301730,767150
06/21/2010,2010-06-21,868542,626192,1494734
06/22/2010,2010-06-22,916810,666558,1583368
06/23/2010,2010-06-23,820493,627767,1448260
06/24/2010,2010-06-24,931520,691266,1622786
06/25/2010,2010-06-25,941751,750414,1692165
06/26/2010,2010-06-26,646770,467943,1114713
06/27/2010,2010-06-27,439815,441824,881639
06/28/2010,2010-06-28,911187,698735,1609922
06/29/2010,2010-06-29,919886,716597,1636483
06/30/2010,2010-06-30,939032,726101,1665133
07/01/2010,2010-07-01,997162,802022,1799184
07/02/2010,2010-07-02,948286,728895,1677181
07/03/2010,2010-07-03,688185,498374,1186559
07/04/2010,2010-07-04,517771,431068,948839
07/05/2010,2010-07-05,490386,338754,829140
07/06/2010,2010-07-06,906377,637312,1543689
07/07/2010,2010-07-07,911994,656096,1568090
07/08/2010,2010-07-08,913888,665000,1578888
07/09/2010,2010-07-09,930427,676348,1606775
07/10/2010,2010-07-10,625843,418254,1044097
07/11/2010,2010-07-11,441707,304804,746511
07/12/2010,2010-07-12,916793,645066,1561859
07/13/2010,2010-07-13,944367,664923,1609290
07/14/2010,2010-07-14,938980,670046,1609026
07/15/2010,2010-07-15,934492,715607,1650099
07/16/2010,2010-07-16,928476,753901,1682377
07/17/2010,2010-07-17,653987,518643,1172630
07/18/2010,2010-07-18,453952,378151,832103
07/19/2010,2010-07-19,927114,681084,1608198
07/20/2010,2010-07-20,938739,692212,1630951
07/21/2010,2010-07-21,951550,705647,1657197
07/22/2010,2010-07-22,927185,670399,1597584
07/23/2010,2010-07-23,879035,677196,1556231
07/24/2010,2010-07-24,571189,416540,987729
07/25/2010,2010-07-25,472911,351173,824084
07/26/2010,2010-07-26,915404,658817,1574221
07/27/2010,2010-07-27,935330,670382,1605712
07/28/2010,2010-07-28,908070,667607,1575677
07/29/2010,2010-07-29,933636,684987,1618623
07/30/2010,2010-07-30,943778,683141,1626919
07/31/2010,2010-07-31,657365,450680,1108045
08/01/2010,2010-08-01,491220,348968,840188
08/02/2010,2010-08-02,913649,660658,1574307
08/03/2010,2010-08-03,927125,668186,1595311
08/04/2010,2010-08-04,880047,663305,1543352
08/05/2010,2010-08-05,949218,698256,1647474
08/06/2010,2010-08-06,947220,791899,1739119
08/07/2010,2010-08-07,668567,551140,1219707
08/08/2010,2010-08-08,464239,415228,879467
08/09/2010,2010-08-09,902342,647949,1550291
08/10/2010,2010-08-10,909752,662126,1571878
08/11/2010,2010-08-11,902498,661211,1563709
08/12/2010,2010-08-12,908352,666665,1575017
08/13/2010,2010-08-13,918501,665794,1584295
08/14/2010,2010-08-14,688021,460503,1148524
08/15/2010,2010-08-15,507105,359893,866998
08/16/2010,2010-08-16,907011,648950,1555961
08/17/2010,2010-08-17,909673,659235,1568908
08/18/2010,2010-08-18,935381,676787,1612168
08/19/2010,2010-08-19,940943,688195,1629138
08/20/2010,2010-08-20,928525,688864,1617389
08/21/2010,2010-08-21,662928,462355,1125283
08/22/2010,2010-08-22,470110,336654,806764
08/23/2010,2010-08-23,941694,650532,1592226
08/24/2010,2010-08-24,962622,674401,1637023
08/25/2010,2010-08-25,973800,689560,1663360
08/26/2010,2010-08-26,978212,694660,1672872
08/27/2010,2010-08-27,991691,700296,1691987
08/28/2010,2010-08-28,678949,458504,1137453
08/29/2010,2010-08-29,471725,334378,806103
08/30/2010,2010-08-30,960273,673150,1633423
08/31/2010,2010-08-31,980388,693348,1673736
09/01/2010,2010-09-01,1014776,696657,1711433
09/02/2010,2010-09-02,964759,679832,1644591
09/03/2010,2010-09-03,996297,721206,1717503
09/04/2010,2010-09-04,671418,475332,1146750
09/05/2010,2010-09-05,497194,399389,896583
09/06/2010,2010-09-06,453040,319536,772576
09/07/2010,2010-09-07,1067665,723135,1790800
09/08/2010,2010-09-08,1078904,744212,1823116
09/09/2010,2010-09-09,1053439,729328,1782767
09/10/2010,2010-09-10,1067844,740993,1808837
09/11/2010,2010-09-11,620475,438303,1058778
09/12/2010,2010-09-12,478785,343875,822660
09/13/2010,2010-09-13,1064113,722939,1787052
09/14/2010,2010-09-14,1073013,743702,1816715
09/15/2010,2010-09-15,1077313,757144,1834457
09/16/2010,2010-09-16,1030218,751525,1781743
09/17/2010,2010-09-17,1070710,777601,1848311
09/18/2010,2010-09-18,602888,457774,1060662
09/19/2010,2010-09-19,463244,335858,799102
09/20/2010,2010-09-20,1040338,712870,1753208
09/21/2010,2010-09-21,1068204,750363,1818567
09/22/2010,2010-09-22,1038052,751724,1789776
09/23/2010,2010-09-23,1067715,767134,1834849
09/24/2010,2010-09-24,966185,750033,1716218
09/25/2010,2010-09-25,647044,486430,1133474
09/26/2010,2010-09-26,439578,331103,770681
09/27/2010,2010-09-27,1030264,725559,1755823
09/28/2010,2010-09-28,1049114,732828,1781942
09/29/2010,2010-09-29,1044807,734953,1779760
09/30/2010,2010-09-30,1040445,748851,1789296
10/01/2010,2010-10-01,1095244,742857,1838101
10/02/2010,2010-10-02,620784,423372,1044156
10/03/2010,2010-10-03,451850,307659,759509
10/04/2010,2010-10-04,1049060,710406,1759466
10/05/2010,2010-10-05,1062843,726247,1789090
10/06/2010,2010-10-06,1057375,730113,1787488
10/07/2010,2010-10-07,1048120,753345,1801465
10/08/2010,2010-10-08,1060557,753053,1813610
10/09/2010,2010-10-09,683056,503343,1186399
10/10/2010,2010-10-10,453193,489078,942271
10/11/2010,2010-10-11,824834,627449,1452283
10/12/2010,2010-10-12,1068010,736048,1804058
10/13/2010,2010-10-13,1024910,726372,1751282
10/14/2010,2010-10-14,1060257,750943,1811200
10/15/2010,2010-10-15,1067602,753653,1821255
10/16/2010,2010-10-16,674323,477876,1152199
10/17/2010,2010-10-17,470817,337407,808224
10/18/2010,2010-10-18,1038903,717627,1756530
10/19/2010,2010-10-19,1057820,729779,1787599
10/20/2010,2010-10-20,1061125,733950,1795075
10/21/2010,2010-10-21,1053153,747116,1800269
10/22/2010,2010-10-22,987323,727707,1715030
10/23/2010,2010-10-23,624770,451848,1076618
10/24/2010,2010-10-24,443462,319622,763084
10/25/2010,2010-10-25,1030602,710784,1741386
10/26/2010,2010-10-26,948119,691241,1639360
10/27/2010,2010-10-27,1051715,739161,1790876
10/28/2010,2010-10-28,1023047,735281,1758328
10/29/2010,2010-10-29,1027443,725760,1753203
10/30/2010,2010-10-30,653147,447410,1100557
10/31/2010,2010-10-31,451532,321535,773067
11/01/2010,2010-11-01,1050239,702890,1753129
11/02/2010,2010-11-02,1053066,711219,1764285
11/03/2010,2010-11-03,1067432,725866,1793298
11/04/2010,2010-11-04,1036639,731024,1767663
11/05/2010,2010-11-05,1034503,723652,1758155
11/06/2010,2010-11-06,641520,455652,1097172
11/07/2010,2010-11-07,453831,305880,759711
11/08/2010,2010-11-08,1046515,709569,1756084
11/09/2010,2010-11-09,1058688,721276,1779964
11/10/2010,2010-11-10,1065459,729087,1794546
11/11/2010,2010-11-11,882944,660145,1543089
11/12/2010,2010-11-12,951645,714781,1666426
11/13/2010,2010-11-13,600900,436971,1037871
11/14/2010,2010-11-14,483592,306831,790423
11/15/2010,2010-11-15,1013081,704470,1717551
11/16/2010,2010-11-16,1041704,720439,1762143
11/17/2010,2010-11-17,1033004,717114,1750118
11/18/2010,2010-11-18,984043,712787,1696830
11/19/2010,2010-11-19,1038686,715507,1754193
11/20/2010,2010-11-20,640618,545276,1185894
11/21/2010,2010-11-21,437682,295297,732979
11/22/2010,2010-11-22,957125,667375,1624500
11/23/2010,2010-11-23,1006493,698730,1705223
11/24/2010,2010-11-24,898974,621938,1520912
11/25/2010,2010-11-25,312756,195258,508014
11/26/2010,2010-11-26,557867,369071,926938
11/27/2010,2010-11-27,517892,340136,858028
11/28/2010,2010-11-28,401514,271093,672607
11/29/2010,2010-11-29,974393,658026,1632419
11/30/2010,2010-11-30,970873,672281,1643154
12/01/2010,2010-12-01,999878,678039,1677917
12/02/2010,2010-12-02,1008349,688764,1697113
12/03/2010,2010-12-03,985527,691211,1676738
12/04/2010,2010-12-04,586500,407739,994239
12/05/2010,2010-12-05,406680,277309,683989
12/06/2010,2010-12-06,944575,641755,1586330
12/07/2010,2010-12-07,954467,652015,1606482
12/08/2010,2010-12-08,968593,662398,1630991
12/09/2010,2010-12-09,957337,667827,1625164
12/10/2010,2010-12-10,986800,682824,1669624
12/11/2010,2010-12-11,573203,388409,961612
12/12/2010,2010-12-12,330377,249350,579727
12/13/2010,2010-12-13,829736,598167,1427903
12/14/2010,2010-12-14,888812,623467,1512279
12/15/2010,2010-12-15,922552,640490,1563042
12/16/2010,2010-12-16,919713,644539,1564252
12/17/2010,2010-12-17,932601,642967,1575568
12/18/2010,2010-12-18,570331,370965,941296
12/19/2010,2010-12-19,404153,269162,673315
12/20/2010,2010-12-20,791684,573110,1364794
12/21/2010,2010-12-21,786351,574097,1360448
12/22/2010,2010-12-22,786757,558711,1345468
12/23/2010,2010-12-23,740052,489295,1229347
12/24/2010,2010-12-24,513353,261461,774814
12/25/2010,2010-12-25,233266,128261,361527
12/26/2010,2010-12-26,346331,215163,561494
12/27/2010,2010-12-27,673638,435925,1109563
12/28/2010,2010-12-28,717933,490978,1208911
12/29/2010,2010-12-29,731000,513271,1244271
12/30/2010,2010-12-30,754297,524961,1279258
12/31/2010,2010-12-31,609114,391713,1000827
01/01/2011,2011-01-01,342872,239754,582626
01/02/2011,2011-01-02,364165,225886,590051
01/03/2011,2011-01-03,925770,581035,1506805
01/04/2011,2011-01-04,946232,621057,1567289
01/05/2011,2011-01-05,950712,624027,1574739
01/06/2011,2011-01-06,939518,625246,1564764
01/07/2011,2011-01-07,927173,622084,1549257
01/08/2011,2011-01-08,540394,333951,874345
01/09/2011,2011-01-09,380762,237361,618123
01/10/2011,2011-01-10,966448,639852,1606300
01/11/2011,2011-01-11,923590,654856,1578446
01/12/2011,2011-01-12,960115,657426,1617541
01/13/2011,2011-01-13,969691,661269,1630960
01/14/2011,2011-01-14,983953,656551,1640504
01/15/2011,2011-01-15,567710,355580,923290
01/16/2011,2011-01-16,386280,260631,646911
01/17/2011,2011-01-17,613773,422788,1036561
01/18/2011,2011-01-18,991055,678327,1669382
01/19/2011,2011-01-19,1006033,679355,1685388
01/20/2011,2011-01-20,975376,674347,1649723
01/21/2011,2011-01-21,853208,598356,1451564
01/22/2011,2011-01-22,522699,330666,853365
01/23/2011,2011-01-23,375396,253697,629093
01/24/2011,2011-01-24,972155,654573,1626728
01/25/2011,2011-01-25,1006376,680037,1686413
01/26/2011,2011-01-26,1014944,681652,1696596
01/27/2011,2011-01-27,994412,685346,1679758
01/28/2011,2011-01-28,930518,655861,1586379
01/29/2011,2011-01-29,617408,381200,998608
01/30/2011,2011-01-30,406547,254689,661236
01/31/2011,2011-01-31,1001892,670399,1672291
02/01/2011,2011-02-01,814985,640223,1455208
02/02/2011,2011-02-02,219234,209287,428521
02/03/2011,2011-02-03,732420,580480,1312900
02/04/2011,2011-02-04,933210,715546,1648756
02/05/2011,2011-02-05,615765,400440,1016205
02/06/2011,2011-02-06,402275,273038,675313
02/07/2011,2011-02-07,996782,693321,1690103
02/08/2011,2011-02-08,986388,697441,1683829
02/09/2011,2011-02-09,941631,676705,1618336
02/10/2011,2011-02-10,940692,676869,1617561
02/11/2011,2011-02-11,965062,659696,1624758
02/12/2011,2011-02-12,663253,415060,1078313
02/13/2011,2011-02-13,474048,303381,777429
02/14/2011,2011-02-14,1064293,708790,1773083
02/15/2011,2011-02-15,1041367,702586,1743953
02/16/2011,2011-02-16,1050045,709634,1759679
02/17/2011,2011-02-17,1046143,719471,1765614
02/18/2011,2011-02-18,1053474,710682,1764156
02/19/2011,2011-02-19,675487,431010,1106497
02/20/2011,2011-02-20,385554,261695,647249
02/21/2011,2011-02-21,706507,504444,1210951
02/22/2011,2011-02-22,1004067,692661,1696728
02/23/2011,2011-02-23,1026312,701009,1727321
02/24/2011,2011-02-24,1030542,708692,1739234
02/25/2011,2011-02-25,1015416,691267,1706683
02/26/2011,2011-02-26,601634,393242,994876
02/27/2011,2011-02-27,419643,278593,698236
02/28/2011,2011-02-28,1007930,681614,1689544
03/01/2011,2011-03-01,1064543,709683,1774226
03/02/2011,2011-03-02,1038790,702291,1741081
03/03/2011,2011-03-03,1057767,709973,1767740
03/04/2011,2011-03-04,1019568,681216,1700784
03/05/2011,2011-03-05,581121,375814,956935
03/06/2011,2011-03-06,428668,275314,703982
03/07/2011,2011-03-07,889994,640899,1530893
03/08/2011,2011-03-08,1054432,710380,1764812
03/09/2011,2011-03-09,1014632,697366,1711998
03/10/2011,2011-03-10,1019921,707389,1727310
03/11/2011,2011-03-11,1047012,708603,1755615
03/12/2011,2011-03-12,630826,500559,1131385
03/13/2011,2011-03-13,429046,284406,713452
03/14/2011,2011-03-14,1019671,686277,1705948
03/15/2011,2011-03-15,1025714,699145,1724859
03/16/2011,2011-03-16,1057440,725095,1782535
03/17/2011,2011-03-17,1039329,730561,1769890
03/18/2011,2011-03-18,1028193,706274,1734467
03/19/2011,2011-03-19,661882,426128,1088010
03/20/2011,2011-03-20,397653,263022,660675
03/21/2011,2011-03-21,1009091,661503,1670594
03/22/2011,2011-03-22,964687,653024,1617711
03/23/2011,2011-03-23,1000324,667467,1667791
03/24/2011,2011-03-24,984660,671765,1656425
03/25/2011,2011-03-25,995334,661865,1657199
03/26/2011,2011-03-26,603928,387317,991245
03/27/2011,2011-03-27,421290,276610,697900
03/28/2011,2011-03-28,1005055,674351,1679406
03/29/2011,2011-03-29,1018975,688681,1707656
03/30/2011,2011-03-30,1022399,692860,1715259
03/31/2011,2011-03-31,958648,709483,1668131
04/01/2011,2011-04-01,960123,712981,1673104
04/02/2011,2011-04-02,688873,457067,1145940
04/03/2011,2011-04-03,450017,305328,755345
04/04/2011,2011-04-04,1021955,695709,1717664
04/05/2011,2011-04-05,1063835,723943,1787778
04/06/2011,2011-04-06,1032831,725191,1758022
04/07/2011,2011-04-07,982880,719890,1702770
04/08/2011,2011-04-08,1006956,701186,1708142
04/09/2011,2011-04-09,675312,462038,1137350
04/10/2011,2011-04-10,483207,359065,842272
04/11/2011,2011-04-11,999639,696423,1696062
04/12/2011,2011-04-12,1036334,717458,1753792
04/13/2011,2011-04-13,1040300,721206,1761506
04/14/2011,2011-04-14,1016435,720731,1737166
04/15/2011,2011-04-15,966032,691935,1657967
04/16/2011,2011-04-16,587114,398192,985306
04/17/2011,2011-04-17,452131,306186,758317
04/18/2011,2011-04-18,861574,655013,1516587
04/19/2011,2011-04-19,862770,627085,1489855
04/20/2011,2011-04-20,895201,684367,1579568
04/21/2011,2011-04-21,919676,685284,1604960
04/22/2011,2011-04-22,767236,583531,1350767
04/23/2011,2011-04-23,644228,421767,1065995
04/24/2011,2011-04-24,415484,274724,690208
04/25/2011,2011-04-25,970581,685301,1655882
04/26/2011,2011-04-26,1009393,717303,1726696
04/27/2011,2011-04-27,960037,712176,1672213
04/28/2011,2011-04-28,972352,710559,1682911
04/29/2011,2011-04-29,1083692,738332,1822024
04/30/2011,2011-04-30,677693,452569,1130262
05/01/2011,2011-05-01,474621,320956,795577
05/02/2011,2011-05-02,1040468,694159,1734627
05/03/2011,2011-05-03,1063059,708526,1771585
05/04/2011,2011-05-04,1068494,718706,1787200
05/05/2011,2011-05-05,1045556,720006,1765562
05/06/2011,2011-05-06,1054724,732966,1787690
05/07/2011,2011-05-07,642855,443268,1086123
05/08/2011,2011-05-08,474170,325850,800020
05/09/2011,2011-05-09,996746,680206,1676952
05/10/2011,2011-05-10,1050936,734088,1785024
05/11/2011,2011-05-11,1022323,724069,1746392
05/12/2011,2011-05-12,1026861,739195,1766056
05/13/2011,2011-05-13,1005681,728981,1734662
05/14/2011,2011-05-14,574990,412250,987240
05/15/2011,2011-05-15,386219,279473,665692
05/16/2011,2011-05-16,1002206,683002,1685208
05/17/2011,2011-05-17,1012424,694950,1707374
05/18/2011,2011-05-18,996766,688457,1685223
05/19/2011,2011-05-19,1014161,705964,1720125
05/20/2011,2011-05-20,1027404,710957,1738361
05/21/2011,2011-05-21,625518,421143,1046661
05/22/2011,2011-05-22,460481,321421,781902
05/23/2011,2011-05-23,997460,682656,1680116
05/24/2011,2011-05-24,1019381,719974,1739355
05/25/2011,2011-05-25,932486,676081,1608567
05/26/2011,2011-05-26,954623,693660,1648283
05/27/2011,2011-05-27,1005068,695755,1700823
05/28/2011,2011-05-28,586663,420778,1007441
05/29/2011,2011-05-29,392008,306407,698415
05/30/2011,2011-05-30,512702,387955,900657
05/31/2011,2011-05-31,976956,683927,1660883
06/01/2011,2011-06-01,1077060,728801,1805861
06/02/2011,2011-06-02,1037191,707569,1744760
06/03/2011,2011-06-03,1084952,753705,1838657
06/04/2011,2011-06-04,660496,465907,1126403
06/05/2011,2011-06-05,498740,355072,853812
06/06/2011,2011-06-06,1026379,723353,1749732
06/07/2011,2011-06-07,1023477,727689,1751166
06/08/2011,2011-06-08,1027909,731488,1759397
06/09/2011,2011-06-09,925826,677601,1603427
06/10/2011,2011-06-10,991111,699233,1690344
06/11/2011,2011-06-11,639456,452885,1092341
06/12/2011,2011-06-12,492490,388957,881447
06/13/2011,2011-06-13,1005818,726932,1732750
06/14/2011,2011-06-14,1009778,739810,1749588
06/15/2011,2011-06-15,927263,708511,1635774
06/16/2011,2011-06-16,960885,741999,1702884
06/17/2011,2011-06-17,1038570,787772,1826342
06/18/2011,2011-06-18,668147,502500,1170647
06/19/2011,2011-06-19,479157,352290,831447
06/20/2011,2011-06-20,863375,666828,1530203
06/21/2011,2011-06-21,928457,698702,1627159
06/22/2011,2011-06-22,906400,695241,1601641
06/23/2011,2011-06-23,918605,692002,1610607
06/24/2011,2011-06-24,923487,714821,1638308
06/25/2011,2011-06-25,672716,511370,1184086
06/26/2011,2011-06-26,513140,561689,1074829
06/27/2011,2011-06-27,915375,702396,1617771
06/28/2011,2011-06-28,974240,768178,1742418
06/29/2011,2011-06-29,966399,754551,1720950
06/30/2011,2011-06-30,947943,753565,1701508
07/01/2011,2011-07-01,940403,723107,1663510
07/02/2011,2011-07-02,701711,514859,1216570
07/03/2011,2011-07-03,546895,441925,988820
07/04/2011,2011-07-04,502623,375468,878091
07/05/2011,2011-07-05,944119,684091,1628210
07/06/2011,2011-07-06,961177,711577,1672754
07/07/2011,2011-07-07,960396,717952,1678348
07/08/2011,2011-07-08,973648,738968,1712616
07/09/2011,2011-07-09,688403,487196,1175599
07/10/2011,2011-07-10,487215,355799,843014
07/11/2011,2011-07-11,899672,654659,1554331
07/12/2011,2011-07-12,953976,695840,1649816
07/13/2011,2011-07-13,968000,712673,1680673
07/14/2011,2011-07-14,963077,746693,1709770
07/15/2011,2011-07-15,960761,767058,1727819
07/16/2011,2011-07-16,671209,512671,1183880
07/17/2011,2011-07-17,487492,390269,877761
07/18/2011,2011-07-18,912074,708169,1620243
07/19/2011,2011-07-19,938830,721231,1660061
07/20/2011,2011-07-20,908375,711617,1619992
07/21/2011,2011-07-21,901635,693073,1594708
07/22/2011,2011-07-22,890894,700452,1591346
07/23/2011,2011-07-23,641738,478455,1120193
07/24/2011,2011-07-24,440442,346005,786447
07/25/2011,2011-07-25,932136,698802,1630938
07/26/2011,2011-07-26,958271,708596,1666867
07/27/2011,2011-07-27,926794,697817,1624611
07/28/2011,2011-07-28,916275,689617,1605892
07/29/2011,2011-07-29,942044,711542,1653586
07/30/2011,2011-07-30,677527,472828,1150355
07/31/2011,2011-07-31,491214,372586,863800
08/01/2011,2011-08-01,951492,707492,1658984
08/02/2011,2011-08-02,921043,682755,1603798
08/03/2011,2011-08-03,984399,715612,1700011
08/04/2011,2011-08-04,953514,745527,1699041
08/05/2011,2011-08-05,968013,822093,1790106
08/06/2011,2011-08-06,682517,569511,1252028
08/07/2011,2011-08-07,479588,426721,906309
08/08/2011,2011-08-08,912362,692657,1605019
08/09/2011,2011-08-09,958406,713624,1672030
08/10/2011,2011-08-10,963575,720504,1684079
08/11/2011,2011-08-11,957398,709254,1666652
08/12/2011,2011-08-12,955597,709694,1665291
08/13/2011,2011-08-13,627401,457851,1085252
08/14/2011,2011-08-14,470358,358606,828964
08/15/2011,2011-08-15,936932,668224,1605156
08/16/2011,2011-08-16,945179,688071,1633250
08/17/2011,2011-08-17,943997,692781,1636778
08/18/2011,2011-08-18,951134,707426,1658560
08/19/2011,2011-08-19,981727,751679,1733406
08/20/2011,2011-08-20,622722,472815,1095537
08/21/2011,2011-08-21,536280,420416,956696
08/22/2011,2011-08-22,968715,704225,1672940
08/23/2011,2011-08-23,914499,688649,1603148
08/24/2011,2011-08-24,999361,728732,1728093
08/25/2011,2011-08-25,1003797,744805,1748602
08/26/2011,2011-08-26,997931,710247,1708178
08/27/2011,2011-08-27,691082,463528,1154610
08/28/2011,2011-08-28,488275,339049,827324
08/29/2011,2011-08-29,988033,712733,1700766
08/30/2011,2011-08-30,991793,719656,1711449
08/31/2011,2011-08-31,1011858,728047,1739905
09/01/2011,2011-09-01,1047270,739620,1786890
09/02/2011,2011-09-02,1001837,741985,1743822
09/03/2011,2011-09-03,655947,472827,1128774
09/04/2011,2011-09-04,529593,432441,962034
09/05/2011,2011-09-05,471000,356948,827948
09/06/2011,2011-09-06,1116811,746632,1863443
09/07/2011,2011-09-07,1079256,773670,1852926
09/08/2011,2011-09-08,1058730,770455,1829185
09/09/2011,2011-09-09,1049654,754824,1804478
09/10/2011,2011-09-10,665138,486616,1151754
09/11/2011,2011-09-11,483138,356915,840053
09/12/2011,2011-09-12,1077578,756209,1833787
09/13/2011,2011-09-13,1101495,775124,1876619
09/14/2011,2011-09-14,1068594,768114,1836708
09/15/2011,2011-09-15,1078395,780369,1858764
09/16/2011,2011-09-16,1061833,774553,1836386
09/17/2011,2011-09-17,684347,511704,1196051
09/18/2011,2011-09-18,433064,328422,761486
09/19/2011,2011-09-19,1056731,758422,1815153
09/20/2011,2011-09-20,1094671,787667,1882338
09/21/2011,2011-09-21,1090762,780222,1870984
09/22/2011,2011-09-22,1076129,770485,1846614
09/23/2011,2011-09-23,1013491,751348,1764839
09/24/2011,2011-09-24,655360,466534,1121894
09/25/2011,2011-09-25,448547,333394,781941
09/26/2011,2011-09-26,1028362,733053,1761415
09/27/2011,2011-09-27,1059305,751659,1810964
09/28/2011,2011-09-28,1053206,759071,1812277
09/29/2011,2011-09-29,1051634,753753,1805387
09/30/2011,2011-09-30,1066348,757321,1823669
10/01/2011,2011-10-01,701783,480889,1182672
10/02/2011,2011-10-02,486409,344520,830929
10/03/2011,2011-10-03,1091676,751034,1842710
10/04/2011,2011-10-04,1090878,767029,1857907
10/05/2011,2011-10-05,1083300,774142,1857442
10/06/2011,2011-10-06,1076741,783363,1860104
10/07/2011,2011-10-07,1074577,783590,1858167
10/08/2011,2011-10-08,692368,523113,1215481
10/09/2011,2011-10-09,463310,519453,982763
10/10/2011,2011-10-10,857528,669173,1526701
10/11/2011,2011-10-11,1073195,770542,1843737
10/12/2011,2011-10-12,1068602,776561,1845163
10/13/2011,2011-10-13,1011085,773498,1784583
10/14/2011,2011-10-14,1058024,783903,1841927
10/15/2011,2011-10-15,686909,508391,1195300
10/16/2011,2011-10-16,457725,351070,808795
10/17/2011,2011-10-17,1060560,752887,1813447
10/18/2011,2011-10-18,1054603,759917,1814520
10/19/2011,2011-10-19,987878,738984,1726862
10/20/2011,2011-10-20,1019401,763556,1782957
10/21/2011,2011-10-21,1072848,782981,1855829
10/22/2011,2011-10-22,678136,497703,1175839
10/23/2011,2011-10-23,476507,341626,818133
10/24/2011,2011-10-24,1054251,747402,1801653
10/25/2011,2011-10-25,1066867,757975,1824842
10/26/2011,2011-10-26,1055199,756804,1812003
10/27/2011,2011-10-27,1061301,771358,1832659
10/28/2011,2011-10-28,993735,758294,1752029
10/29/2011,2011-10-29,665331,469295,1134626
10/30/2011,2011-10-30,433281,318565,751846
10/31/2011,2011-10-31,1027078,734500,1761578
11/01/2011,2011-11-01,1098741,762893,1861634
11/02/2011,2011-11-02,1077675,764539,1842214
11/03/2011,2011-11-03,1011408,755888,1767296
11/04/2011,2011-11-04,1093806,785515,1879321
11/05/2011,2011-11-05,686104,513654,1199758
11/06/2011,2011-11-06,477456,331327,808783
11/07/2011,2011-11-07,1061041,749043,1810084
11/08/2011,2011-11-08,1008764,742973,1751737
11/09/2011,2011-11-09,1036190,759696,1795886
11/10/2011,2011-11-10,970822,755282,1726104
11/11/2011,2011-11-11,879535,681237,1560772
11/12/2011,2011-11-12,660488,474088,1134576
11/13/2011,2011-11-13,463513,338816,802329
11/14/2011,2011-11-14,1047638,741813,1789451
11/15/2011,2011-11-15,1079072,770828,1849900
11/16/2011,2011-11-16,1043071,758159,1801230
11/17/2011,2011-11-17,998699,752834,1751533
11/18/2011,2011-11-18,965671,743405,1709076
11/19/2011,2011-11-19,657115,530802,1187917
11/20/2011,2011-11-20,456466,328721,785187
11/21/2011,2011-11-21,1039312,726360,1765672
11/22/2011,2011-11-22,986650,714844,1701494
11/23/2011,2011-11-23,992006,680837,1672843
11/24/2011,2011-11-24,340929,235194,576123
11/25/2011,2011-11-25,652271,435428,1087699
11/26/2011,2011-11-26,588157,348525,936682
11/27/2011,2011-11-27,397179,274323,671502
11/28/2011,2011-11-28,1016597,703558,1720155
11/29/2011,2011-11-29,991030,708638,1699668
11/30/2011,2011-11-30,1043354,730140,1773494
12/01/2011,2011-12-01,1089263,747269,1836532
12/02/2011,2011-12-02,1095431,757734,1853165
12/03/2011,2011-12-03,662075,461349,1123424
12/04/2011,2011-12-04,454576,327051,781627
12/05/2011,2011-12-05,1051712,698735,1750447
12/06/2011,2011-12-06,1035064,712288,1747352
12/07/2011,2011-12-07,1032787,718567,1751354
12/08/2011,2011-12-08,1023297,721739,1745036
12/09/2011,2011-12-09,1006182,726618,1732800
12/10/2011,2011-12-10,604502,435343,1039845
12/11/2011,2011-12-11,442689,306703,749392
12/12/2011,2011-12-12,988026,673314,1661340
12/13/2011,2011-12-13,1002723,691649,1694372
12/14/2011,2011-12-14,939524,675577,1615101
12/15/2011,2011-12-15,994244,701181,1695425
12/16/2011,2011-12-16,1006755,703365,1710120
12/17/2011,2011-12-17,615724,436091,1051815
12/18/2011,2011-12-18,455044,325822,780866
12/19/2011,2011-12-19,965235,657231,1622466
12/20/2011,2011-12-20,951363,656796,1608159
12/21/2011,2011-12-21,948139,649395,1597534
12/22/2011,2011-12-22,901280,615248,1516528
12/23/2011,2011-12-23,855427,539186,1394613
12/24/2011,2011-12-24,509237,262788,772025
12/25/2011,2011-12-25,273257,144879,418136
12/26/2011,2011-12-26,463630,297972,761602
12/27/2011,2011-12-27,721508,498735,1220243
12/28/2011,2011-12-28,747970,535232,1283202
12/29/2011,2011-12-29,767769,553630,1321399
12/30/2011,2011-12-30,762618,528085,1290703
12/31/2011,2011-12-31,583259,408205,991464
01/01/2012,2012-01-01,338458,277156,615614
01/02/2012,2012-01-02,427028,300131,727159
01/03/2012,2012-01-03,810076,600940,1411016
01/04/2012,2012-01-04,839010,626372,1465382
01/05/2012,2012-01-05,841665,652474,1494139
01/06/2012,2012-01-06,870446,666379,1536825
01/07/2012,2012-01-07,583725,390564,974289
01/08/2012,2012-01-08,411272,275439,686711
01/09/2012,2012-01-09,968136,683105,1651241
01/10/2012,2012-01-10,1019667,698468,1718135
01/11/2012,2012-01-11,1036505,709539,1746044
01/12/2012,2012-01-12,950402,715474,1665876
01/13/2012,2012-01-13,940512,692943,1633455
01/14/2012,2012-01-14,557653,377455,935108
01/15/2012,2012-01-15,402980,276691,679671
01/16/2012,2012-01-16,639506,459803,1099309
01/17/2012,2012-01-17,1016429,725950,1742379
01/18/2012,2012-01-18,1017072,722473,1739545
01/19/2012,2012-01-19,983178,711259,1694437
01/20/2012,2012-01-20,826497,746064,1572561
01/21/2012,2012-01-21,552163,394407,946570
01/22/2012,2012-01-22,392633,273772,666405
01/23/2012,2012-01-23,1010116,710762,1720878
01/24/2012,2012-01-24,1050018,732063,1782081
01/25/2012,2012-01-25,1051823,734192,1786015
01/26/2012,2012-01-26,1052929,739012,1791941
01/27/2012,2012-01-27,968530,720988,1689518
01/28/2012,2012-01-28,621329,419586,1040915
01/29/2012,2012-01-29,416383,293146,709529
01/30/2012,2012-01-30,1023037,704317,1727354
01/31/2012,2012-01-31,1059681,731360,1791041
02/01/2012,2012-02-01,1111421,736252,1847673
02/02/2012,2012-02-02,1081236,739698,1820934
02/03/2012,2012-02-03,1014951,714336,1729287
02/04/2012,2012-02-04,661534,418503,1080037
02/05/2012,2012-02-05,462359,289438,751797
02/06/2012,2012-02-06,1038157,699926,1738083
02/07/2012,2012-02-07,1040979,721937,1762916
02/08/2012,2012-02-08,1069324,738273,1807597
02/09/2012,2012-02-09,1065885,741959,1807844
02/10/2012,2012-02-10,982329,715473,1697802
02/11/2012,2012-02-11,591333,399462,990795
02/12/2012,2012-02-12,429977,285739,715716
02/13/2012,2012-02-13,882797,653118,1535915
02/14/2012,2012-02-14,1077348,738384,1815732
02/15/2012,2012-02-15,1051929,726359,1778288
02/16/2012,2012-02-16,1058911,736170,1795081
02/17/2012,2012-02-17,1058544,731415,1789959
02/18/2012,2012-02-18,666760,454131,1120891
02/19/2012,2012-02-19,475445,322414,797859
02/20/2012,2012-02-20,761004,543889,1304893
02/21/2012,2012-02-21,1036038,726162,1762200
02/22/2012,2012-02-22,1052160,732150,1784310
02/23/2012,2012-02-23,1033787,734839,1768626
02/24/2012,2012-02-24,989267,712507,1701774
02/25/2012,2012-02-25,630649,417134,1047783
02/26/2012,2012-02-26,448512,298409,746921
02/27/2012,2012-02-27,1023956,703435,1727391
02/28/2012,2012-02-28,1039341,720589,1759930
02/29/2012,2012-02-29,1055847,736007,1791854
03/01/2012,2012-03-01,1075076,739664,1814740
03/02/2012,2012-03-02,1031215,705878,1737093
03/03/2012,2012-03-03,624519,416704,1041223
03/04/2012,2012-03-04,441120,292334,733454
03/05/2012,2012-03-05,913762,651903,1565665
03/06/2012,2012-03-06,1084176,744478,1828654
03/07/2012,2012-03-07,1060619,736849,1797468
03/08/2012,2012-03-08,1049305,735123,1784428
03/09/2012,2012-03-09,1037776,718371,1756147
03/10/2012,2012-03-10,681263,444574,1125837
03/11/2012,2012-03-11,482075,316828,798903
03/12/2012,2012-03-12,1015965,715585,1731550
03/13/2012,2012-03-13,1071861,744918,1816779
03/14/2012,2012-03-14,1087551,762671,1850222
03/15/2012,2012-03-15,1061219,763525,1824744
03/16/2012,2012-03-16,1044828,774035,1818863
03/17/2012,2012-03-17,755574,708351,1463925
03/18/2012,2012-03-18,504213,359041,863254
03/19/2012,2012-03-19,1015401,707467,1722868
03/20/2012,2012-03-20,1043797,718050,1761847
03/21/2012,2012-03-21,1050000,723631,1773631
03/22/2012,2012-03-22,1016361,717170,1733531
03/23/2012,2012-03-23,945472,685518,1630990
03/24/2012,2012-03-24,641412,430070,1071482
03/25/2012,2012-03-25,470355,355696,826051
03/26/2012,2012-03-26,996549,700972,1697521
03/27/2012,2012-03-27,1024173,723040,1747213
03/28/2012,2012-03-28,1029545,735639,1765184
03/29/2012,2012-03-29,1013994,734424,1748418
03/30/2012,2012-03-30,1001257,709407,1710664
03/31/2012,2012-03-31,646169,440893,1087062
04/01/2012,2012-04-01,477703,321629,799332
04/02/2012,2012-04-02,935073,696533,1631606
04/03/2012,2012-04-03,972756,720709,1693465
04/04/2012,2012-04-04,954947,724726,1679673
04/05/2012,2012-04-05,933666,750000,1683666
04/06/2012,2012-04-06,861696,642047,1503743
04/07/2012,2012-04-07,637466,434835,1072301
04/08/2012,2012-04-08,429398,289618,719016
04/09/2012,2012-04-09,1010279,727154,1737433
04/10/2012,2012-04-10,1038779,751834,1790613
04/11/2012,2012-04-11,1053786,760911,1814697
04/12/2012,2012-04-12,1050150,775089,1825239
04/13/2012,2012-04-13,958166,741802,1699968
04/14/2012,2012-04-14,644498,470545,1115043
04/15/2012,2012-04-15,443006,320025,763031
04/16/2012,2012-04-16,996333,713598,1709931
04/17/2012,2012-04-17,1056910,744763,1801673
04/18/2012,2012-04-18,1031225,736936,1768161
04/19/2012,2012-04-19,989282,743350,1732632
04/20/2012,2012-04-20,994547,737187,1731734
04/21/2012,2012-04-21,656064,471715,1127779
04/22/2012,2012-04-22,448386,333024,781410
04/23/2012,2012-04-23,1031544,739667,1771211
04/24/2012,2012-04-24,1003275,750511,1753786
04/25/2012,2012-04-25,978891,740777,1719668
04/26/2012,2012-04-26,1044469,760338,1804807
04/27/2012,2012-04-27,1026691,745495,1772186
04/28/2012,2012-04-28,592513,425418,1017931
04/29/2012,2012-04-29,445246,322436,767682
04/30/2012,2012-04-30,977200,703630,1680830
05/01/2012,2012-05-01,1073425,743154,1816579
05/02/2012,2012-05-02,1060720,754536,1815256
05/03/2012,2012-05-03,1086032,766616,1852648
05/04/2012,2012-05-04,1054307,778105,1832412
05/05/2012,2012-05-05,666613,497814,1164427
05/06/2012,2012-05-06,434634,343213,777847
05/07/2012,2012-05-07,1000335,731509,1731844
05/08/2012,2012-05-08,1062602,762274,1824876
05/09/2012,2012-05-09,1041744,752170,1793914
05/10/2012,2012-05-10,1036368,743841,1780209
05/11/2012,2012-05-11,1042715,745296,1788011
05/12/2012,2012-05-12,610945,427440,1038385
05/13/2012,2012-05-13,455430,321345,776775
05/14/2012,2012-05-14,983231,700274,1683505
05/15/2012,2012-05-15,1023348,720962,1744310
05/16/2012,2012-05-16,1013654,734234,1747888
05/17/2012,2012-05-17,1014361,746681,1761042
05/18/2012,2012-05-18,980261,694037,1674298
05/19/2012,2012-05-19,646682,465776,1112458
05/20/2012,2012-05-20,445099,374706,819805
05/21/2012,2012-05-21,884516,568256,1452772
05/22/2012,2012-05-22,1014156,721698,1735854
05/23/2012,2012-05-23,1019498,738794,1758292
05/24/2012,2012-05-24,1016089,756023,1772112
05/25/2012,2012-05-25,1005567,736144,1741711
05/26/2012,2012-05-26,636093,469284,1105377
05/27/2012,2012-05-27,502724,392936,895660
05/28/2012,2012-05-28,463763,362808,826571
05/29/2012,2012-05-29,1012629,719096,1731725
05/30/2012,2012-05-30,1001845,742834,1744679
05/31/2012,2012-05-31,910804,714511,1625315
06/01/2012,2012-06-01,1034827,750848,1785675
06/02/2012,2012-06-02,698536,489792,1188328
06/03/2012,2012-06-03,512841,354121,866962
06/04/2012,2012-06-04,1035294,726053,1761347
06/05/2012,2012-06-05,1048003,749888,1797891
06/06/2012,2012-06-06,1033815,753512,1787327
06/07/2012,2012-06-07,1031503,768929,1800432
06/08/2012,2012-06-08,1023786,802823,1826609
06/09/2012,2012-06-09,704117,569867,1273984
06/10/2012,2012-06-10,509071,404744,913815
06/11/2012,2012-06-11,985578,726731,1712309
06/12/2012,2012-06-12,1003612,772974,1776586
06/13/2012,2012-06-13,986995,778465,1765460
06/14/2012,2012-06-14,959511,783352,1742863
06/15/2012,2012-06-15,996431,803508,1799939
06/16/2012,2012-06-16,673257,513638,1186895
06/17/2012,2012-06-17,497166,372514,869680
06/18/2012,2012-06-18,899886,710839,1610725
06/19/2012,2012-06-19,934909,725980,1660889
06/20/2012,2012-06-20,945821,743331,1689152
06/21/2012,2012-06-21,931983,728067,1660050
06/22/2012,2012-06-22,958498,755020,1713518
06/23/2012,2012-06-23,676430,492238,1168668
06/24/2012,2012-06-24,513132,530481,1043613
06/25/2012,2012-06-25,933417,725550,1658967
06/26/2012,2012-06-26,952845,746532,1699377
06/27/2012,2012-06-27,957566,751428,1708994
06/28/2012,2012-06-28,880771,702116,1582887
06/29/2012,2012-06-29,925177,734451,1659628
06/30/2012,2012-06-30,683644,485188,1168832
07/01/2012,2012-07-01,474631,350123,824754
07/02/2012,2012-07-02,929572,676617,1606189
07/03/2012,2012-07-03,976022,710361,1686383
07/04/2012,2012-07-04,511376,383942,895318
07/05/2012,2012-07-05,833954,628259,1462213
07/06/2012,2012-07-06,852806,651815,1504621
07/07/2012,2012-07-07,628380,439918,1068298
07/08/2012,2012-07-08,490561,341530,832091
07/09/2012,2012-07-09,934404,697423,1631827
07/10/2012,2012-07-10,958191,713798,1671989
07/11/2012,2012-07-11,982452,751429,1733881
07/12/2012,2012-07-12,973681,769452,1743133
07/13/2012,2012-07-13,918812,781300,1700112
07/14/2012,2012-07-14,662503,539189,1201692
07/15/2012,2012-07-15,520254,434508,954762
07/16/2012,2012-07-16,927149,703975,1631124
07/17/2012,2012-07-17,916666,721980,1638646
07/18/2012,2012-07-18,947611,737720,1685331
07/19/2012,2012-07-19,929760,737674,1667434
07/20/2012,2012-07-20,950944,732949,1683893
07/21/2012,2012-07-21,682249,467138,1149387
07/22/2012,2012-07-22,481281,353089,834370
07/23/2012,2012-07-23,915219,695786,1611005
07/24/2012,2012-07-24,902916,701367,1604283
07/25/2012,2012-07-25,930185,724487,1654672
07/26/2012,2012-07-26,945792,720070,1665862
07/27/2012,2012-07-27,947151,758858,1706009
07/28/2012,2012-07-28,686178,517111,1203289
07/29/2012,2012-07-29,488506,374441,862947
07/30/2012,2012-07-30,907631,705435,1613066
07/31/2012,2012-07-31,927014,719885,1646899
08/01/2012,2012-08-01,993124,746620,1739744
08/02/2012,2012-08-02,956268,736721,1692989
08/03/2012,2012-08-03,997248,828673,1825921
08/04/2012,2012-08-04,639837,540564,1180401
08/05/2012,2012-08-05,520813,454682,975495
08/06/2012,2012-08-06,930469,718004,1648473
08/07/2012,2012-08-07,939745,710734,1650479
08/08/2012,2012-08-08,937937,714729,1652666
08/09/2012,2012-08-09,910038,733293,1643331
08/10/2012,2012-08-10,939807,762585,1702392
08/11/2012,2012-08-11,634529,525198,1159727
08/12/2012,2012-08-12,485254,389752,875006
08/13/2012,2012-08-13,862334,675894,1538228
08/14/2012,2012-08-14,952867,719794,1672661
08/15/2012,2012-08-15,969450,736768,1706218
08/16/2012,2012-08-16,894461,689521,1583982
08/17/2012,2012-08-17,985722,734329,1720051
08/18/2012,2012-08-18,711680,513680,1225360
08/19/2012,2012-08-19,526215,381863,908078
08/20/2012,2012-08-20,932342,694224,1626566
08/21/2012,2012-08-21,989240,725406,1714646
08/22/2012,2012-08-22,993443,741288,1734731
08/23/2012,2012-08-23,996707,730663,1727370
08/24/2012,2012-08-24,995467,757933,1753400
08/25/2012,2012-08-25,682483,499512,1181995
08/26/2012,2012-08-26,425118,326682,751800
08/27/2012,2012-08-27,999090,732088,1731178
08/28/2012,2012-08-28,1022555,752842,1775397
08/29/2012,2012-08-29,1019369,757338,1776707
08/30/2012,2012-08-30,1009624,765912,1775536
08/31/2012,2012-08-31,1051323,787713,1839036
09/01/2012,2012-09-01,670752,498563,1169315
09/02/2012,2012-09-02,522696,425857,948553
09/03/2012,2012-09-03,509576,366891,876467
09/04/2012,2012-09-04,1101066,757151,1858217
09/05/2012,2012-09-05,1081742,778985,1860727
09/06/2012,2012-09-06,1106785,787102,1893887
09/07/2012,2012-09-07,1057006,798630,1855636
09/08/2012,2012-09-08,697211,548107,1245318
09/09/2012,2012-09-09,491612,370846,862458
09/10/2012,2012-09-10,980800,786943,1767743
09/11/2012,2012-09-11,1026114,789589,1815703
09/12/2012,2012-09-12,1024605,785316,1809921
09/13/2012,2012-09-13,991316,793145,1784461
09/14/2012,2012-09-14,1023073,789009,1812082
09/15/2012,2012-09-15,707625,533074,1240699
09/16/2012,2012-09-16,497209,369738,866947
09/17/2012,2012-09-17,972361,749237,1721598
09/18/2012,2012-09-18,1009476,774593,1784069
09/19/2012,2012-09-19,1090006,805444,1895450
09/20/2012,2012-09-20,1087075,814328,1901403
09/21/2012,2012-09-21,1043281,804809,1848090
09/22/2012,2012-09-22,669729,507218,1176947
09/23/2012,2012-09-23,494049,373413,867462
09/24/2012,2012-09-24,1067116,777711,1844827
09/25/2012,2012-09-25,1093445,787595,1881040
09/26/2012,2012-09-26,1088775,786511,1875286
09/27/2012,2012-09-27,1082616,810524,1893140
09/28/2012,2012-09-28,1080818,803271,1884089
09/29/2012,2012-09-29,715790,512833,1228623
09/30/2012,2012-09-30,495883,357104,852987
10/01/2012,2012-10-01,1117666,783378,1901044
10/02/2012,2012-10-02,1108031,806945,1914976
10/03/2012,2012-10-03,1115762,810692,1926454
10/04/2012,2012-10-04,1099004,810084,1909088
10/05/2012,2012-10-05,1069580,808343,1877923
10/06/2012,2012-10-06,670397,522379,1192776
10/07/2012,2012-10-07,449748,512959,962707
10/08/2012,2012-10-08,977879,713083,1690962
10/09/2012,2012-10-09,1088484,795608,1884092
10/10/2012,2012-10-10,1079860,798154,1878014
10/11/2012,2012-10-11,1085498,807251,1892749
10/12/2012,2012-10-12,1067152,796441,1863593
10/13/2012,2012-10-13,604421,447031,1051452
10/14/2012,2012-10-14,443009,327889,770898
10/15/2012,2012-10-15,1071312,776921,1848233
10/16/2012,2012-10-16,1081929,792993,1874922
10/17/2012,2012-10-17,1057430,792225,1849655
10/18/2012,2012-10-18,1059957,806783,1866740
10/19/2012,2012-10-19,1051902,801852,1853754
10/20/2012,2012-10-20,696516,512403,1208919
10/21/2012,2012-10-21,493474,354896,848370
10/22/2012,2012-10-22,1003315,769024,1772339
10/23/2012,2012-10-23,1043067,784378,1827445
10/24/2012,2012-10-24,1081481,804851,1886332
10/25/2012,2012-10-25,1027919,797938,1825857
10/26/2012,2012-10-26,1039677,796666,1836343
10/27/2012,2012-10-27,664877,490779,1155656
10/28/2012,2012-10-28,454048,341936,795984
10/29/2012,2012-10-29,1035050,759113,1794163
10/30/2012,2012-10-30,1012512,765043,1777555
10/31/2012,2012-10-31,1042048,780984,1823032
11/01/2012,2012-11-01,1092827,795031,1887858
11/02/2012,2012-11-02,1087124,793396,1880520
11/03/2012,2012-11-03,675546,462962,1138508
11/04/2012,2012-11-04,486060,347411,833471
11/05/2012,2012-11-05,1069691,766701,1836392
11/06/2012,2012-11-06,1050908,768986,1819894
11/07/2012,2012-11-07,1053498,782333,1835831
11/08/2012,2012-11-08,1064006,793455,1857461
11/09/2012,2012-11-09,1065181,798839,1864020
11/10/2012,2012-11-10,650416,472274,1122690
11/11/2012,2012-11-11,479696,353062,832758
11/12/2012,2012-11-12,823600,666802,1490402
11/13/2012,2012-11-13,1004272,761630,1765902
11/14/2012,2012-11-14,1059509,775491,1835000
11/15/2012,2012-11-15,1058314,786677,1844991
11/16/2012,2012-11-16,1057000,791412,1848412
11/17/2012,2012-11-17,675393,567804,1243197
11/18/2012,2012-11-18,472178,336771,808949
11/19/2012,2012-11-19,1047309,759037,1806346
11/20/2012,2012-11-20,1049100,772991,1822091
11/21/2012,2012-11-21,990069,705800,1695869
11/22/2012,2012-11-22,363466,255982,619448
11/23/2012,2012-11-23,589493,413384,1002877
11/24/2012,2012-11-24,476658,377956,854614
11/25/2012,2012-11-25,417727,304336,722063
11/26/2012,2012-11-26,1006387,717499,1723886
11/27/2012,2012-11-27,1016872,734908,1751780
11/28/2012,2012-11-28,1030518,750417,1780935
11/29/2012,2012-11-29,1028698,752188,1780886
11/30/2012,2012-11-30,1075641,776494,1852135
12/01/2012,2012-12-01,686669,492263,1178932
12/02/2012,2012-12-02,484623,350433,835056
12/03/2012,2012-12-03,1069024,742337,1811361
12/04/2012,2012-12-04,1067467,747543,1815010
12/05/2012,2012-12-05,1054367,754701,1809068
12/06/2012,2012-12-06,1030407,751285,1781692
12/07/2012,2012-12-07,1038662,764843,1803505
12/08/2012,2012-12-08,642192,467324,1109516
12/09/2012,2012-12-09,418807,295147,713954
12/10/2012,2012-12-10,973051,690186,1663237
12/11/2012,2012-12-11,995089,711140,1706229
12/12/2012,2012-12-12,999666,720758,1720424
12/13/2012,2012-12-13,999296,727540,1726836
12/14/2012,2012-12-14,1022704,749478,1772182
12/15/2012,2012-12-15,597413,425168,1022581
12/16/2012,2012-12-16,450355,334285,784640
12/17/2012,2012-12-17,953565,683683,1637248
12/18/2012,2012-12-18,950660,693703,1644363
12/19/2012,2012-12-19,965895,691879,1657774
12/20/2012,2012-12-20,876460,660268,1536728
12/21/2012,2012-12-21,871165,634264,1505429
12/22/2012,2012-12-22,578361,374774,953135
12/23/2012,2012-12-23,486169,281962,768131
12/24/2012,2012-12-24,545733,313210,858943
12/25/2012,2012-12-25,242609,143166,385775
12/26/2012,2012-12-26,616049,428605,1044654
12/27/2012,2012-12-27,710150,514627,1224777
12/28/2012,2012-12-28,753950,546312,1300262
12/29/2012,2012-12-29,547238,360962,908200
12/30/2012,2012-12-30,405207,291423,696630
12/31/2012,2012-12-31,672602,490998,1163600
01/01/2013,2013-01-01,338644,276167,614811
01/02/2013,2013-01-02,747631,570506,1318137
01/03/2013,2013-01-03,857744,620104,1477848
01/04/2013,2013-01-04,875485,635401,1510886
01/05/2013,2013-01-05,549303,356383,905686
01/06/2013,2013-01-06,399770,264957,664727
01/07/2013,2013-01-07,951511,672001,1623512
01/08/2013,2013-01-08,975824,687261,1663085
01/09/2013,2013-01-09,989291,697979,1687270
01/10/2013,2013-01-10,964506,693642,1658148
01/11/2013,2013-01-11,991875,708901,1700776
01/12/2013,2013-01-12,597811,403037,1000848
01/13/2013,2013-01-13,379108,266395,645503
01/14/2013,2013-01-14,964972,701958,1666930
01/15/2013,2013-01-15,1000831,723460,1724291
01/16/2013,2013-01-16,1000782,726032,1726814
01/17/2013,2013-01-17,1003351,730830,1734181
01/18/2013,2013-01-18,995226,721526,1716752
01/19/2013,2013-01-19,592561,417820,1010381
01/20/2013,2013-01-20,372131,275860,647991
01/21/2013,2013-01-21,549385,422125,971510
01/22/2013,2013-01-22,865232,654679,1519911
01/23/2013,2013-01-23,952105,697385,1649490
01/24/2013,2013-01-24,958057,708729,1666786
01/25/2013,2013-01-25,920833,707962,1628795
01/26/2013,2013-01-26,560544,393542,954086
01/27/2013,2013-01-27,360109,261812,621921
01/28/2013,2013-01-28,1000004,718545,1718549
01/29/2013,2013-01-29,1009440,728633,1738073
01/30/2013,2013-01-30,997461,735084,1732545
01/31/2013,2013-01-31,955113,713918,1669031
02/01/2013,2013-02-01,878531,659888,1538419
02/02/2013,2013-02-02,554095,378484,932579
02/03/2013,2013-02-03,396422,271153,667575
02/04/2013,2013-02-04,983474,710890,1694364
02/05/2013,2013-02-05,1021386,733180,1754566
02/06/2013,2013-02-06,1035100,739979,1775079
02/07/2013,2013-02-07,973458,743264,1716722
02/08/2013,2013-02-08,994675,723430,1718105
02/09/2013,2013-02-09,611263,426081,1037344
02/10/2013,2013-02-10,392914,278417,671331
02/11/2013,2013-02-11,994224,708331,1702555
02/12/2013,2013-02-12,901097,687334,1588431
02/13/2013,2013-02-13,1070447,754178,1824625
02/14/2013,2013-02-14,1054969,758213,1813182
02/15/2013,2013-02-15,1013485,731689,1745174
02/16/2013,2013-02-16,598259,412929,1011188
02/17/2013,2013-02-17,445505,317885,763390
02/18/2013,2013-02-18,830133,567064,1397197
02/19/2013,2013-02-19,961489,709244,1670733
02/20/2013,2013-02-20,995286,720364,1715650
02/21/2013,2013-02-21,1012672,738526,1751198
02/22/2013,2013-02-22,944394,716784,1661178
02/23/2013,2013-02-23,597852,403004,1000856
02/24/2013,2013-02-24,426783,280619,707402
02/25/2013,2013-02-25,1032337,718035,1750372
02/26/2013,2013-02-26,917610,707649,1625259
02/27/2013,2013-02-27,1004620,732706,1737326
02/28/2013,2013-02-28,1011461,741077,1752538
03/01/2013,2013-03-01,1030897,726385,1757282
03/02/2013,2013-03-02,641791,407706,1049497
03/03/2013,2013-03-03,451612,290260,741872
03/04/2013,2013-03-04,1046582,684343,1730925
03/05/2013,2013-03-05,915814,662182,1577996
03/06/2013,2013-03-06,1000963,703897,1704860
03/07/2013,2013-03-07,1039889,724517,1764406
03/08/2013,2013-03-08,1047924,716118,1764042
03/09/2013,2013-03-09,619396,404506,1023902
03/10/2013,2013-03-10,417260,285624,702884
03/11/2013,2013-03-11,1009909,713865,1723774
03/12/2013,2013-03-12,1017656,738907,1756563
03/13/2013,2013-03-13,1034585,748618,1783203
03/14/2013,2013-03-14,1033042,755471,1788513
03/15/2013,2013-03-15,1002907,771603,1774510
03/16/2013,2013-03-16,626782,610526,1237308
03/17/2013,2013-03-17,433504,338473,771977
03/18/2013,2013-03-18,971804,715696,1687500
03/19/2013,2013-03-19,990010,723671,1713681
03/20/2013,2013-03-20,980735,721345,1702080
03/21/2013,2013-03-21,999714,729901,1729615
03/22/2013,2013-03-22,1003565,721149,1724714
03/23/2013,2013-03-23,609394,425222,1034616
03/24/2013,2013-03-24,401250,288966,690216
03/25/2013,2013-03-25,828707,630136,1458843
03/26/2013,2013-03-26,876069,655138,1531207
03/27/2013,2013-03-27,880496,670282,1550778
03/28/2013,2013-03-28,893443,679530,1572973
03/29/2013,2013-03-29,829810,621657,1451467
03/30/2013,2013-03-30,594213,395747,989960
03/31/2013,2013-03-31,402842,267293,670135
04/01/2013,2013-04-01,980489,708026,1688515
04/02/2013,2013-04-02,993149,728501,1721650
04/03/2013,2013-04-03,1034924,746014,1780938
04/04/2013,2013-04-04,1015284,759059,1774343
04/05/2013,2013-04-05,996072,746786,1742858
04/06/2013,2013-04-06,611381,459388,1070769
04/07/2013,2013-04-07,440588,357215,797803
04/08/2013,2013-04-08,977325,737437,1714762
04/09/2013,2013-04-09,999444,740720,1740164
04/10/2013,2013-04-10,960903,717466,1678369
04/11/2013,2013-04-11,982894,752525,1735419
04/12/2013,2013-04-12,994973,753498,1748471
04/13/2013,2013-04-13,600393,462508,1062901
04/14/2013,2013-04-14,450337,351742,802079
04/15/2013,2013-04-15,992589,717933,1710522
04/16/2013,2013-04-16,1014884,753356,1768240
04/17/2013,2013-04-17,915006,711500,1626506
04/18/2013,2013-04-18,811655,693760,1505415
04/19/2013,2013-04-19,959757,718526,1678283
04/20/2013,2013-04-20,615433,448035,1063468
04/21/2013,2013-04-21,441267,313744,755011
04/22/2013,2013-04-22,1001200,731504,1732704
04/23/2013,2013-04-23,922329,715764,1638093
04/24/2013,2013-04-24,952859,736305,1689164
04/25/2013,2013-04-25,1008224,755375,1763599
04/26/2013,2013-04-26,999388,750687,1750075
04/27/2013,2013-04-27,654086,460650,1114736
04/28/2013,2013-04-28,455561,320737,776298
04/29/2013,2013-04-29,1009306,717625,1726931
04/30/2013,2013-04-30,1029285,738733,1768018
05/01/2013,2013-05-01,1077184,762553,1839737
05/02/2013,2013-05-02,1028782,752135,1780917
05/03/2013,2013-05-03,1023402,730511,1753913
05/04/2013,2013-05-04,655097,465245,1120342
05/05/2013,2013-05-05,471437,350222,821659
05/06/2013,2013-05-06,1017895,729615,1747510
05/07/2013,2013-05-07,1022360,758068,1780428
05/08/2013,2013-05-08,1025713,769649,1795362
05/09/2013,2013-05-09,1003192,721753,1724945
05/10/2013,2013-05-10,972916,725511,1698427
05/11/2013,2013-05-11,603110,435938,1039048
05/12/2013,2013-05-12,414976,313848,728824
05/13/2013,2013-05-13,961814,713048,1674862
05/14/2013,2013-05-14,1006636,750210,1756846
05/15/2013,2013-05-15,995042,758657,1753699
05/16/2013,2013-05-16,982565,746034,1728599
05/17/2013,2013-05-17,966483,757439,1723922
05/18/2013,2013-05-18,625752,493226,1118978
05/19/2013,2013-05-19,485211,363850,849061
05/20/2013,2013-05-20,1008704,681176,1689880
05/21/2013,2013-05-21,1013059,689412,1702471
05/22/2013,2013-05-22,982149,687729,1669878
05/23/2013,2013-05-23,987008,693752,1680760
05/24/2013,2013-05-24,1010765,676692,1687457
05/25/2013,2013-05-25,600972,369584,970556
05/26/2013,2013-05-26,460009,336563,796572
05/27/2013,2013-05-27,415696,286211,701907
05/28/2013,2013-05-28,982424,672485,1654909
05/29/2013,2013-05-29,1014424,715430,1729854
05/30/2013,2013-05-30,996198,717726,1713924
05/31/2013,2013-05-31,1044620,719350,1763970
06/01/2013,2013-06-01,631022,445218,1076240
06/02/2013,2013-06-02,439719,333835,773554
06/03/2013,2013-06-03,1054416,707210,1761626
06/04/2013,2013-06-04,1044555,716102,1760657
06/05/2013,2013-06-05,1024709,716938,1741647
06/06/2013,2013-06-06,1021552,736943,1758495
06/07/2013,2013-06-07,1030362,768035,1798397
06/08/2013,2013-06-08,661759,537485,1199244
06/09/2013,2013-06-09,473625,393881,867506
06/10/2013,2013-06-10,993550,731202,1724752
06/11/2013,2013-06-11,1027027,752653,1779680
06/12/2013,2013-06-12,969474,718831,1688305
06/13/2013,2013-06-13,1031992,761985,1793977
06/14/2013,2013-06-14,1033513,747980,1781493
06/15/2013,2013-06-15,624345,453140,1077485
06/16/2013,2013-06-16,479896,369569,849465
06/17/2013,2013-06-17,969085,692856,1661941
06/18/2013,2013-06-18,975403,701224,1676627
06/19/2013,2013-06-19,990561,718139,1708700
06/20/2013,2013-06-20,974707,724184,1698891
06/21/2013,2013-06-21,917934,724999,1642933
06/22/2013,2013-06-22,633702,488805,1122507
06/23/2013,2013-06-23,479321,394460,873781
06/24/2013,2013-06-24,920436,699721,1620157
06/25/2013,2013-06-25,888128,694726,1582854
06/26/2013,2013-06-26,866326,690875,1557201
06/27/2013,2013-06-27,913619,723050,1636669
06/28/2013,2013-06-28,898642,894811,1793453
06/29/2013,2013-06-29,620304,463716,1084020
06/30/2013,2013-06-30,488073,543707,1031780
07/01/2013,2013-07-01,946062,681252,1627314
07/02/2013,2013-07-02,911309,677994,1589303
07/03/2013,2013-07-03,945848,693445,1639293
07/04/2013,2013-07-04,525424,407174,932598
07/05/2013,2013-07-05,806355,592583,1398938
07/06/2013,2013-07-06,619632,463509,1083141
07/07/2013,2013-07-07,467091,354565,821656
07/08/2013,2013-07-08,863581,664506,1528087
07/09/2013,2013-07-09,928137,708853,1636990
07/10/2013,2013-07-10,961940,756010,1717950
07/11/2013,2013-07-11,958922,787568,1746490
07/12/2013,2013-07-12,928925,802562,1731487
07/13/2013,2013-07-13,662483,565833,1228316
07/14/2013,2013-07-14,487170,413355,900525
07/15/2013,2013-07-15,904464,683553,1588017
07/16/2013,2013-07-16,924281,695896,1620177
07/17/2013,2013-07-17,922657,706991,1629648
07/18/2013,2013-07-18,904388,720245,1624633
07/19/2013,2013-07-19,897959,775821,1673780
07/20/2013,2013-07-20,646339,546852,1193191
07/21/2013,2013-07-21,469900,410606,880506
07/22/2013,2013-07-22,903084,709718,1612802
07/23/2013,2013-07-23,919858,720357,1640215
07/24/2013,2013-07-24,928256,713067,1641323
07/25/2013,2013-07-25,919260,715876,1635136
07/26/2013,2013-07-26,890066,688728,1578794
07/27/2013,2013-07-27,614357,461775,1076132
07/28/2013,2013-07-28,455742,371125,826867
07/29/2013,2013-07-29,894999,693570,1588569
07/30/2013,2013-07-30,894122,713697,1607819
07/31/2013,2013-07-31,898783,707557,1606340
08/01/2013,2013-08-01,950707,753887,1704594
08/02/2013,2013-08-02,918087,795020,1713107
08/03/2013,2013-08-03,667710,574621,1242331
08/04/2013,2013-08-04,475029,462380,937409
08/05/2013,2013-08-05,885007,688747,1573754
08/06/2013,2013-08-06,914261,698763,1613024
08/07/2013,2013-08-07,898114,694946,1593060
08/08/2013,2013-08-08,912994,702001,1614995
08/09/2013,2013-08-09,906417,711160,1617577
08/10/2013,2013-08-10,642566,493210,1135776
08/11/2013,2013-08-11,459030,365118,824148
08/12/2013,2013-08-12,848703,684985,1533688
08/13/2013,2013-08-13,883243,712564,1595807
08/14/2013,2013-08-14,882740,717664,1600404
08/15/2013,2013-08-15,877526,705604,1583130
08/16/2013,2013-08-16,890423,730276,1620699
08/17/2013,2013-08-17,634078,506124,1140202
08/18/2013,2013-08-18,472515,384202,856717
08/19/2013,2013-08-19,859701,671949,1531650
08/20/2013,2013-08-20,894283,699558,1593841
08/21/2013,2013-08-21,894827,704103,1598930
08/22/2013,2013-08-22,855068,697777,1552845
08/23/2013,2013-08-23,932928,715975,1648903
08/24/2013,2013-08-24,632311,465546,1097857
08/25/2013,2013-08-25,463843,353352,817195
08/26/2013,2013-08-26,1020173,696403,1716576
08/27/2013,2013-08-27,1032675,721814,1754489
08/28/2013,2013-08-28,1019457,732138,1751595
08/29/2013,2013-08-29,1048608,759088,1807696
08/30/2013,2013-08-30,1025684,740853,1766537
08/31/2013,2013-08-31,596363,462487,1058850
09/01/2013,2013-09-01,493648,423770,917418
09/02/2013,2013-09-02,454573,344582,799155
09/03/2013,2013-09-03,1089544,761455,1850999
09/04/2013,2013-09-04,1077803,769975,1847778
09/05/2013,2013-09-05,1059826,763277,1823103
09/06/2013,2013-09-06,1067536,786864,1854400
09/07/2013,2013-09-07,634809,510149,1144958
09/08/2013,2013-09-08,459104,371781,830885
09/09/2013,2013-09-09,1052783,752305,1805088
09/10/2013,2013-09-10,1034136,762582,1796718
09/11/2013,2013-09-11,1047538,783710,1831248
09/12/2013,2013-09-12,1050318,812163,1862481
09/13/2013,2013-09-13,1036536,803298,1839834
09/14/2013,2013-09-14,632081,504797,1136878
09/15/2013,2013-09-15,409765,345621,755386
09/16/2013,2013-09-16,1033555,776155,1809710
09/17/2013,2013-09-17,1049035,788413,1837448
09/18/2013,2013-09-18,1023243,783471,1806714
09/19/2013,2013-09-19,1000885,791208,1792093
09/20/2013,2013-09-20,1034561,800104,1834665
09/21/2013,2013-09-21,629564,526128,1155692
09/22/2013,2013-09-22,445308,368372,813680
09/23/2013,2013-09-23,1026469,780751,1807220
09/24/2013,2013-09-24,1041341,805859,1847200
09/25/2013,2013-09-25,1055790,810826,1866616
09/26/2013,2013-09-26,1047323,813509,1860832
09/27/2013,2013-09-27,1034355,797916,1832271
09/28/2013,2013-09-28,635517,506929,1142446
09/29/2013,2013-09-29,439655,360040,799695
09/30/2013,2013-09-30,1007775,765034,1772809
10/01/2013,2013-10-01,1100251,760127,1860378
10/02/2013,2013-10-02,1060370,771294,1831664
10/03/2013,2013-10-03,1073368,776149,1849517
10/04/2013,2013-10-04,1055644,763663,1819307
10/05/2013,2013-10-05,606526,457086,1063612
10/06/2013,2013-10-06,468784,350969,819753
10/07/2013,2013-10-07,1033503,748714,1782217
10/08/2013,2013-10-08,1062411,762764,1825175
10/09/2013,2013-10-09,1056846,774550,1831396
10/10/2013,2013-10-10,1041043,803786,1844829
10/11/2013,2013-10-11,1033797,792305,1826102
10/12/2013,2013-10-12,597479,497092,1094571
10/13/2013,2013-10-13,433578,528335,961913
10/14/2013,2013-10-14,836533,678287,1514820
10/15/2013,2013-10-15,1005851,764848,1770699
10/16/2013,2013-10-16,1017742,779074,1796816
10/17/2013,2013-10-17,1025838,789200,1815038
10/18/2013,2013-10-18,1024958,784891,1809849
10/19/2013,2013-10-19,599201,498671,1097872
10/20/2013,2013-10-20,417109,367355,784464
10/21/2013,2013-10-21,972502,778456,1750958
10/22/2013,2013-10-22,948098,785501,1733599
10/23/2013,2013-10-23,993612,797121,1790733
10/24/2013,2013-10-24,1007402,810665,1818067
10/25/2013,2013-10-25,986527,797551,1784078
10/26/2013,2013-10-26,578216,492032,1070248
10/27/2013,2013-10-27,413217,346467,759684
10/28/2013,2013-10-28,982644,768974,1751618
10/29/2013,2013-10-29,976102,790974,1767076
10/30/2013,2013-10-30,967902,791183,1759085
10/31/2013,2013-10-31,956055,786574,1742629
11/01/2013,2013-11-01,937537,783970,1721507
11/02/2013,2013-11-02,593170,483120,1076290
11/03/2013,2013-11-03,430036,384737,814773
11/04/2013,2013-11-04,978017,788454,1766471
11/05/2013,2013-11-05,982549,795511,1778060
11/06/2013,2013-11-06,965938,792044,1757982
11/07/2013,2013-11-07,974582,812279,1786861
11/08/2013,2013-11-08,974269,808267,1782536
11/09/2013,2013-11-09,589432,507077,1096509
11/10/2013,2013-11-10,426989,370923,797912
11/11/2013,2013-11-11,727925,671720,1399645
11/12/2013,2013-11-12,884181,770609,1654790
11/13/2013,2013-11-13,967800,783483,1751283
11/14/2013,2013-11-14,968420,806089,1774509
11/15/2013,2013-11-15,972734,803561,1776295
11/16/2013,2013-11-16,548828,489767,1038595
11/17/2013,2013-11-17,343928,316525,660453
11/18/2013,2013-11-18,948312,775101,1723413
11/19/2013,2013-11-19,972260,790434,1762694
11/20/2013,2013-11-20,974233,788003,1762236
11/21/2013,2013-11-21,967167,799283,1766450
11/22/2013,2013-11-22,955058,797556,1752614
11/23/2013,2013-11-23,535573,513370,1048943
11/24/2013,2013-11-24,362949,311868,674817
11/25/2013,2013-11-25,898537,742488,1641025
11/26/2013,2013-11-26,913171,768042,1681213
11/27/2013,2013-11-27,785887,655899,1441786
11/28/2013,2013-11-28,316200,238112,554312
11/29/2013,2013-11-29,625605,448939,1074544
11/30/2013,2013-11-30,594111,419067,1013178
12/01/2013,2013-12-01,393065,311377,704442
12/02/2013,2013-12-02,966367,745892,1712259
12/03/2013,2013-12-03,1011416,772345,1783761
12/04/2013,2013-12-04,1022579,778031,1800610
12/05/2013,2013-12-05,956982,782864,1739846
12/06/2013,2013-12-06,933388,766511,1699899
12/07/2013,2013-12-07,523861,455354,979215
12/08/2013,2013-12-08,356936,322820,679756
12/09/2013,2013-12-09,904306,745781,1650087
12/10/2013,2013-12-10,884567,726111,1610678
12/11/2013,2013-12-11,888272,736512,1624784
12/12/2013,2013-12-12,864926,722404,1587330
12/13/2013,2013-12-13,930494,760860,1691354
12/14/2013,2013-12-14,508408,473775,982183
12/15/2013,2013-12-15,357251,317666,674917
12/16/2013,2013-12-16,856591,697993,1554584
12/17/2013,2013-12-17,883958,716650,1600608
12/18/2013,2013-12-18,900934,719652,1620586
12/19/2013,2013-12-19,888294,715173,1603467
12/20/2013,2013-12-20,885107,706214,1591321
12/21/2013,2013-12-21,513799,421443,935242
12/22/2013,2013-12-22,374537,310920,685457
12/23/2013,2013-12-23,691365,545145,1236510
12/24/2013,2013-12-24,474089,341784,815873
12/25/2013,2013-12-25,218166,144912,363078
12/26/2013,2013-12-26,557420,438202,995622
12/27/2013,2013-12-27,659876,531774,1191650
12/28/2013,2013-12-28,506219,405004,911223
12/29/2013,2013-12-29,335610,292169,627779
12/30/2013,2013-12-30,604796,537971,1142767
12/31/2013,2013-12-31,595963,565346,1161309
01/01/2014,2014-01-01,281657,303441,585098
01/02/2014,2014-01-02,601103,569395,1170498
01/03/2014,2014-01-03,691262,598290,1289552
01/04/2014,2014-01-04,469542,361203,830745
01/05/2014,2014-01-05,268582,237067,505649
01/06/2014,2014-01-06,311075,269542,580617
01/07/2014,2014-01-07,489810,468681,958491
01/08/2014,2014-01-08,806256,687473,1493729
01/09/2014,2014-01-09,860867,727384,1588251
01/10/2014,2014-01-10,872079,725812,1597891
01/11/2014,2014-01-11,526267,424639,950906
01/12/2014,2014-01-12,387031,312663,699694
01/13/2014,2014-01-13,948883,762345,1711228
01/14/2014,2014-01-14,923401,761893,1685294
01/15/2014,2014-01-15,940266,761924,1702190
01/16/2014,2014-01-16,927231,765910,1693141
01/17/2014,2014-01-17,909353,743024,1652377
01/18/2014,2014-01-18,480918,418986,899904
01/19/2014,2014-01-19,372608,316288,688896
01/20/2014,2014-01-20,599662,502485,1102147
01/21/2014,2014-01-21,855515,734096,1589611
01/22/2014,2014-01-22,872967,737074,1610041
01/23/2014,2014-01-23,825049,715759,1540808
01/24/2014,2014-01-24,763075,680260,1443335
01/25/2014,2014-01-25,490314,396641,886955
01/26/2014,2014-01-26,337328,280648,617976
01/27/2014,2014-01-27,502031,472484,974515
01/28/2014,2014-01-28,519517,485867,1005384
01/29/2014,2014-01-29,889744,733780,1623524
01/30/2014,2014-01-30,902855,751471,1654326
01/31/2014,2014-01-31,930172,754479,1684651
02/01/2014,2014-02-01,497989,405961,903950
02/02/2014,2014-02-02,377994,299870,677864
02/03/2014,2014-02-03,931825,729128,1660953
02/04/2014,2014-02-04,946438,759960,1706398
02/05/2014,2014-02-05,828739,753984,1582723
02/06/2014,2014-02-06,888288,753787,1642075
02/07/2014,2014-02-07,873759,724771,1598530
02/08/2014,2014-02-08,513518,416614,930132
02/09/2014,2014-02-09,385739,301471,687210
02/10/2014,2014-02-10,888500,716772,1605272
02/11/2014,2014-02-11,923651,743715,1667366
02/12/2014,2014-02-12,842139,713255,1555394
02/13/2014,2014-02-13,975061,784280,1759341
02/14/2014,2014-02-14,961152,778342,1739494
02/15/2014,2014-02-15,567619,448648,1016267
02/16/2014,2014-02-16,401088,324457,725545
02/17/2014,2014-02-17,695931,594339,1290270
02/18/2014,2014-02-18,947147,777183,1724330
02/19/2014,2014-02-19,974552,783745,1758297
02/20/2014,2014-02-20,893699,759455,1653154
02/21/2014,2014-02-21,926827,766802,1693629
02/22/2014,2014-02-22,570349,452998,1023347
02/23/2014,2014-02-23,392042,315317,707359
02/24/2014,2014-02-24,925043,739926,1664969
02/25/2014,2014-02-25,933471,752744,1686215
02/26/2014,2014-02-26,884516,728685,1613201
02/27/2014,2014-02-27,876615,728137,1604752
02/28/2014,2014-02-28,936301,745915,1682216
03/01/2014,2014-03-01,559952,448218,1008170
03/02/2014,2014-03-02,371300,304402,675702
03/03/2014,2014-03-03,900837,709629,1610466
03/04/2014,2014-03-04,953477,761357,1714834
03/05/2014,2014-03-05,918971,769178,1688149
03/06/2014,2014-03-06,962802,775465,1738267
03/07/2014,2014-03-07,958096,769821,1727917
03/08/2014,2014-03-08,553250,447401,1000651
03/09/2014,2014-03-09,405308,328025,733333
03/10/2014,2014-03-10,959467,767043,1726510
03/11/2014,2014-03-11,959134,772592,1731726
03/12/2014,2014-03-12,868232,746895,1615127
03/13/2014,2014-03-13,940113,785327,1725440
03/14/2014,2014-03-14,955810,819256,1775066
03/15/2014,2014-03-15,593789,674922,1268711
03/16/2014,2014-03-16,371881,349484,721365
03/17/2014,2014-03-17,932779,763579,1696358
03/18/2014,2014-03-18,959483,782899,1742382
03/19/2014,2014-03-19,920270,767680,1687950
03/20/2014,2014-03-20,957032,786292,1743324
03/21/2014,2014-03-21,959387,779226,1738613
03/22/2014,2014-03-22,597815,452237,1050052
03/23/2014,2014-03-23,418299,315092,733391
03/24/2014,2014-03-24,923396,706637,1630033
03/25/2014,2014-03-25,928067,719323,1647390
03/26/2014,2014-03-26,961287,734053,1695340
03/27/2014,2014-03-27,927050,725889,1652939
03/28/2014,2014-03-28,944696,732211,1676907
03/29/2014,2014-03-29,572055,438766,1010821
03/30/2014,2014-03-30,432880,379220,812100
03/31/2014,2014-03-31,940176,762112,1702288
04/01/2014,2014-04-01,986346,772459,1758805
04/02/2014,2014-04-02,952475,784201,1736676
04/03/2014,2014-04-03,917123,765726,1682849
04/04/2014,2014-04-04,941118,806643,1747761
04/05/2014,2014-04-05,599182,531509,1130691
04/06/2014,2014-04-06,435676,373726,809402
04/07/2014,2014-04-07,913081,753038,1666119
04/08/2014,2014-04-08,913012,773383,1686395
04/09/2014,2014-04-09,977698,805182,1782880
04/10/2014,2014-04-10,947682,806042,1753724
04/11/2014,2014-04-11,953384,803062,1756446
04/12/2014,2014-04-12,574622,524370,1098992
04/13/2014,2014-04-13,390666,330841,721507
04/14/2014,2014-04-14,792277,697727,1490004
04/15/2014,2014-04-15,844484,734464,1578948
04/16/2014,2014-04-16,866995,757767,1624762
04/17/2014,2014-04-17,864791,770728,1635519
04/18/2014,2014-04-18,814560,712086,1526646
04/19/2014,2014-04-19,568016,476147,1044163
04/20/2014,2014-04-20,399289,333380,732669
04/21/2014,2014-04-21,876478,741631,1618109
04/22/2014,2014-04-22,938052,794547,1732599
04/23/2014,2014-04-23,911681,793484,1705165
04/24/2014,2014-04-24,893970,794395,1688365
04/25/2014,2014-04-25,936028,797851,1733879
04/26/2014,2014-04-26,580601,499576,1080177
04/27/2014,2014-04-27,400302,344503,744805
04/28/2014,2014-04-28,884033,735132,1619165
04/29/2014,2014-04-29,919869,770461,1690330
04/30/2014,2014-04-30,925494,772097,1697591
05/01/2014,2014-05-01,985012,788162,1773174
05/02/2014,2014-05-02,981085,794448,1775533
05/03/2014,2014-05-03,632332,511129,1143461
05/04/2014,2014-05-04,429710,356412,786122
05/05/2014,2014-05-05,963691,769476,1733167
05/06/2014,2014-05-06,974250,784430,1758680
05/07/2014,2014-05-07,967197,773634,1740831
05/08/2014,2014-05-08,968856,794388,1763244
05/09/2014,2014-05-09,921741,762641,1684382
05/10/2014,2014-05-10,608188,468058,1076246
05/11/2014,2014-05-11,402497,321063,723560
05/12/2014,2014-05-12,880457,711215,1591672
05/13/2014,2014-05-13,904717,735362,1640079
05/14/2014,2014-05-14,916259,749500,1665759
05/15/2014,2014-05-15,890597,751405,1642002
05/16/2014,2014-05-16,900252,764035,1664287
05/17/2014,2014-05-17,579674,492704,1072378
05/18/2014,2014-05-18,434998,382342,817340
05/19/2014,2014-05-19,885010,732346,1617356
05/20/2014,2014-05-20,922226,781529,1703755
05/21/2014,2014-05-21,925959,790957,1716916
05/22/2014,2014-05-22,908285,788319,1696604
05/23/2014,2014-05-23,906712,763127,1669839
05/24/2014,2014-05-24,575483,490635,1066118
05/25/2014,2014-05-25,450296,403930,854226
05/26/2014,2014-05-26,413568,345231,758799
05/27/2014,2014-05-27,880521,728464,1608985
05/28/2014,2014-05-28,905284,751880,1657164
05/29/2014,2014-05-29,901067,762505,1663572
05/30/2014,2014-05-30,934382,782522,1716904
05/31/2014,2014-05-31,600856,507919,1108775
06/01/2014,2014-06-01,445596,376894,822490
06/02/2014,2014-06-02,864622,726524,1591146
06/03/2014,2014-06-03,936306,812230,1748536
06/04/2014,2014-06-04,879397,762035,1641432
06/05/2014,2014-06-05,910818,797899,1708717
06/06/2014,2014-06-06,906586,796373,1702959
06/07/2014,2014-06-07,585247,524812,1110059
06/08/2014,2014-06-08,429503,393358,822861
06/09/2014,2014-06-09,878784,750337,1629121
06/10/2014,2014-06-10,859477,748307,1607784
06/11/2014,2014-06-11,870560,761366,1631926
06/12/2014,2014-06-12,880810,779426,1660236
06/13/2014,2014-06-13,881991,810893,1692884
06/14/2014,2014-06-14,581799,556285,1138084
06/15/2014,2014-06-15,410273,388603,798876
06/16/2014,2014-06-16,796802,729177,1525979
06/17/2014,2014-06-17,806325,738327,1544652
06/18/2014,2014-06-18,766725,717546,1484271
06/19/2014,2014-06-19,803296,742211,1545507
06/20/2014,2014-06-20,813597,775063,1588660
06/21/2014,2014-06-21,537612,503304,1040916
06/22/2014,2014-06-22,452933,427533,880466
06/23/2014,2014-06-23,825185,726655,1551840
06/24/2014,2014-06-24,859711,755376,1615087
06/25/2014,2014-06-25,874922,761775,1636697
06/26/2014,2014-06-26,883107,779277,1662384
06/27/2014,2014-06-27,879565,793688,1673253
06/28/2014,2014-06-28,574082,524253,1098335
06/29/2014,2014-06-29,428350,534327,962677
06/30/2014,2014-06-30,766381,697417,1463798
07/01/2014,2014-07-01,855553,753101,1608654
07/02/2014,2014-07-02,824805,725327,1550132
07/03/2014,2014-07-03,856556,727253,1583809
07/04/2014,2014-07-04,478993,473842,952835
07/05/2014,2014-07-05,513494,439422,952916
07/06/2014,2014-07-06,410521,354469,764990
07/07/2014,2014-07-07,821674,704301,1525975
07/08/2014,2014-07-08,836929,725372,1562301
07/09/2014,2014-07-09,855793,763164,1618957
07/10/2014,2014-07-10,854968,782968,1637936
07/11/2014,2014-07-11,839507,817078,1656585
07/12/2014,2014-07-12,497531,471216,968747
07/13/2014,2014-07-13,437544,429753,867297
07/14/2014,2014-07-14,803242,716634,1519876
07/15/2014,2014-07-15,828927,739993,1568920
07/16/2014,2014-07-16,844384,752925,1597309
07/17/2014,2014-07-17,837907,762599,1600506
07/18/2014,2014-07-18,839720,819331,1659051
07/19/2014,2014-07-19,578126,559893,1138019
07/20/2014,2014-07-20,423665,431674,855339
07/21/2014,2014-07-21,821289,740142,1561431
07/22/2014,2014-07-22,825700,765642,1591342
07/23/2014,2014-07-23,838958,777929,1616887
07/24/2014,2014-07-24,833052,790076,1623128
07/25/2014,2014-07-25,813032,793426,1606458
07/26/2014,2014-07-26,563247,540197,1103444
07/27/2014,2014-07-27,423806,403719,827525
07/28/2014,2014-07-28,810122,730188,1540310
07/29/2014,2014-07-29,810857,746646,1557503
07/30/2014,2014-07-30,815885,760415,1576300
07/31/2014,2014-07-31,819409,785640,1605049
08/01/2014,2014-08-01,841692,824658,1666350
08/02/2014,2014-08-02,592660,571486,1164146
08/03/2014,2014-08-03,420667,441136,861803
08/04/2014,2014-08-04,798672,716949,1515621
08/05/2014,2014-08-05,824134,737875,1562009
08/06/2014,2014-08-06,827073,741608,1568681
08/07/2014,2014-08-07,827473,745930,1573403
08/08/2014,2014-08-08,836918,787177,1624095
08/09/2014,2014-08-09,582607,552265,1134872
08/10/2014,2014-08-10,427882,405792,833674
08/11/2014,2014-08-11,772003,718836,1490839
08/12/2014,2014-08-12,772713,719699,1492412
08/13/2014,2014-08-13,817833,745654,1563487
08/14/2014,2014-08-14,810388,770920,1581308
08/15/2014,2014-08-15,820884,749693,1570577
08/16/2014,2014-08-16,583313,501095,1084408
08/17/2014,2014-08-17,422345,382210,804555
08/18/2014,2014-08-18,786527,708188,1494715
08/19/2014,2014-08-19,787767,727891,1515658
08/20/2014,2014-08-20,829572,758067,1587639
08/21/2014,2014-08-21,771537,739451,1510988
08/22/2014,2014-08-22,816652,762365,1579017
08/23/2014,2014-08-23,517416,459047,976463
08/24/2014,2014-08-24,432777,387171,819948
08/25/2014,2014-08-25,787836,712661,1500497
08/26/2014,2014-08-26,858520,757206,1615726
08/27/2014,2014-08-27,874420,768933,1643353
08/28/2014,2014-08-28,867478,773821,1641299
08/29/2014,2014-08-29,871087,781881,1652968
08/30/2014,2014-08-30,581944,520855,1102799
08/31/2014,2014-08-31,451820,448668,900488
09/01/2014,2014-09-01,419182,366912,786094
09/02/2014,2014-09-02,952266,773307,1725573
09/03/2014,2014-09-03,985184,813174,1798358
09/04/2014,2014-09-04,942676,794090,1736766
09/05/2014,2014-09-05,933196,801886,1735082
09/06/2014,2014-09-06,593846,534590,1128436
09/07/2014,2014-09-07,427686,395246,822932
09/08/2014,2014-09-08,956395,786501,1742896
09/09/2014,2014-09-09,967610,800307,1767917
09/10/2014,2014-09-10,898549,788458,1687007
09/11/2014,2014-09-11,953091,833378,1786469
09/12/2014,2014-09-12,929062,817716,1746778
09/13/2014,2014-09-13,584842,525886,1110728
09/14/2014,2014-09-14,431379,386903,818282
09/15/2014,2014-09-15,924594,804175,1728769
09/16/2014,2014-09-16,964802,827582,1792384
09/17/2014,2014-09-17,975664,832609,1808273
09/18/2014,2014-09-18,967453,848591,1816044
09/19/2014,2014-09-19,955896,854602,1810498
09/20/2014,2014-09-20,566053,511922,1077975
09/21/2014,2014-09-21,417931,387673,805604
09/22/2014,2014-09-22,947353,819134,1766487
09/23/2014,2014-09-23,960506,826655,1787161
09/24/2014,2014-09-24,961323,833600,1794923
09/25/2014,2014-09-25,963447,824454,1787901
09/26/2014,2014-09-26,957961,814285,1772246
09/27/2014,2014-09-27,592901,515308,1108209
09/28/2014,2014-09-28,423502,386129,809631
09/29/2014,2014-09-29,934648,793644,1728292
09/30/2014,2014-09-30,945847,805360,1751207
10/01/2014,2014-10-01,1010778,825205,1835983
10/02/2014,2014-10-02,960602,820764,1781366
10/03/2014,2014-10-03,954675,811571,1766246
10/04/2014,2014-10-04,557711,482714,1040425
10/05/2014,2014-10-05,420636,353400,774036
10/06/2014,2014-10-06,957372,798793,1756165
10/07/2014,2014-10-07,971693,814006,1785699
10/08/2014,2014-10-08,972010,822875,1794885
10/09/2014,2014-10-09,969095,838925,1808020
10/10/2014,2014-10-10,954800,839036,1793836
10/11/2014,2014-10-11,584377,527418,1111795
10/12/2014,2014-10-12,389901,549571,939472
10/13/2014,2014-10-13,743512,714675,1458187
10/14/2014,2014-10-14,914687,814971,1729658
10/15/2014,2014-10-15,956165,826620,1782785
10/16/2014,2014-10-16,959217,848014,1807231
10/17/2014,2014-10-17,949303,844701,1794004
10/18/2014,2014-10-18,567859,525540,1093399
10/19/2014,2014-10-19,424169,393552,817721
10/20/2014,2014-10-20,939282,801698,1740980
10/21/2014,2014-10-21,947668,814300,1761968
10/22/2014,2014-10-22,959209,818395,1777604
10/23/2014,2014-10-23,949675,829088,1778763
10/24/2014,2014-10-24,943435,815235,1758670
10/25/2014,2014-10-25,586281,500235,1086516
10/26/2014,2014-10-26,410811,362143,772954
10/27/2014,2014-10-27,940038,792398,1732436
10/28/2014,2014-10-28,953363,812867,1766230
10/29/2014,2014-10-29,944219,813686,1757905
10/30/2014,2014-10-30,951547,830872,1782419
10/31/2014,2014-10-31,894082,800198,1694280
11/01/2014,2014-11-01,556675,491328,1048003
11/02/2014,2014-11-02,416049,383910,799959
11/03/2014,2014-11-03,995821,805002,1800823
11/04/2014,2014-11-04,971255,805374,1776629
11/05/2014,2014-11-05,990008,827900,1817908
11/06/2014,2014-11-06,941564,821892,1763456
11/07/2014,2014-11-07,873365,802400,1675765
11/08/2014,2014-11-08,563782,492608,1056390
11/09/2014,2014-11-09,411806,379597,791403
11/10/2014,2014-11-10,938000,786491,1724491
11/11/2014,2014-11-11,759033,698289,1457322
11/12/2014,2014-11-12,911664,797730,1709394
11/13/2014,2014-11-13,866929,789154,1656083
11/14/2014,2014-11-14,911150,794103,1705253
11/15/2014,2014-11-15,532937,458706,991643
11/16/2014,2014-11-16,372383,331794,704177
11/17/2014,2014-11-17,863661,758113,1621774
11/18/2014,2014-11-18,846179,755916,1602095
11/19/2014,2014-11-19,889137,774198,1663335
11/20/2014,2014-11-20,899732,786919,1686651
11/21/2014,2014-11-21,898889,787291,1686180
11/22/2014,2014-11-22,534874,525065,1059939
11/23/2014,2014-11-23,380928,340202,721130
11/24/2014,2014-11-24,857759,746052,1603811
11/25/2014,2014-11-25,889039,780322,1669361
11/26/2014,2014-11-26,738720,652762,1391482
11/27/2014,2014-11-27,285946,233318,519264
11/28/2014,2014-11-28,525696,424837,950533
11/29/2014,2014-11-29,493851,417770,911621
11/30/2014,2014-11-30,367831,311435,679266
12/01/2014,2014-12-01,912722,743704,1656426
12/02/2014,2014-12-02,926053,766316,1692369
12/03/2014,2014-12-03,964141,782753,1746894
12/04/2014,2014-12-04,939372,804113,1743485
12/05/2014,2014-12-05,937187,800885,1738072
12/06/2014,2014-12-06,569561,490865,1060426
12/07/2014,2014-12-07,397656,334688,732344
12/08/2014,2014-12-08,882998,734002,1617000
12/09/2014,2014-12-09,911402,758780,1670182
12/10/2014,2014-12-10,914038,763277,1677315
12/11/2014,2014-12-11,922765,774798,1697563
12/12/2014,2014-12-12,912339,773048,1685387
12/13/2014,2014-12-13,575613,498945,1074558
12/14/2014,2014-12-14,418122,357042,775164
12/15/2014,2014-12-15,871449,725989,1597438
12/16/2014,2014-12-16,875970,729798,1605768
12/17/2014,2014-12-17,868378,720814,1589192
12/18/2014,2014-12-18,867861,722656,1590517
12/19/2014,2014-12-19,857137,716221,1573358
12/20/2014,2014-12-20,537820,436322,974142
12/21/2014,2014-12-21,397000,332367,729367
12/22/2014,2014-12-22,705765,619508,1325273
12/23/2014,2014-12-23,720116,617728,1337844
12/24/2014,2014-12-24,549046,388742,937788
12/25/2014,2014-12-25,238015,159831,397846
12/26/2014,2014-12-26,569843,422543,992386
12/27/2014,2014-12-27,449446,337243,786689
12/28/2014,2014-12-28,353263,283343,636606
12/29/2014,2014-12-29,654612,559416,1214028
12/30/2014,2014-12-30,646243,567099,1213342
12/31/2014,2014-12-31,599316,642981,1242297
01/01/2015,2015-01-01,300426,287754,588180
01/02/2015,2015-01-02,656375,527583,1183958
01/03/2015,2015-01-03,441327,340135,781462
01/04/2015,2015-01-04,330082,267676,597758
01/05/2015,2015-01-05,753918,657877,1411795
01/06/2015,2015-01-06,771953,679913,1451866
01/07/2015,2015-01-07,508815,509075,1017890
01/08/2015,2015-01-08,558275,579994,1138269
01/09/2015,2015-01-09,715334,639901,1355235
01/10/2015,2015-01-10,435672,352140,787812
01/11/2015,2015-01-11,349027,279494,628521
01/12/2015,2015-01-12,871183,738697,1609880
01/13/2015,2015-01-13,881226,743774,1625000
01/14/2015,2015-01-14,885449,742410,1627859
01/15/2015,2015-01-15,899363,760336,1659699
01/16/2015,2015-01-16,898222,748177,1646399
01/17/2015,2015-01-17,539500,417756,957256
01/18/2015,2015-01-18,391445,300710,692155
01/19/2015,2015-01-19,597347,502376,1099723
01/20/2015,2015-01-20,913930,754946,1668876
01/21/2015,2015-01-21,905178,756860,1662038
01/22/2015,2015-01-22,903230,761705,1664935
01/23/2015,2015-01-23,902567,747376,1649943
01/24/2015,2015-01-24,538766,415123,953889
01/25/2015,2015-01-25,339402,279154,618556
01/26/2015,2015-01-26,896430,738965,1635395
01/27/2015,2015-01-27,913448,764457,1677905
01/28/2015,2015-01-28,922297,763680,1685977
01/29/2015,2015-01-29,898174,760217,1658391
01/30/2015,2015-01-30,933971,754968,1688939
01/31/2015,2015-01-31,551745,419577,971322
02/01/2015,2015-02-01,293689,270615,564304
02/02/2015,2015-02-02,632367,563770,1196137
02/03/2015,2015-02-03,947457,806148,1753605
02/04/2015,2015-02-04,957218,791399,1748617
02/05/2015,2015-02-05,932148,780378,1712526
02/06/2015,2015-02-06,959648,768091,1727739
02/07/2015,2015-02-07,600789,439214,1040003
02/08/2015,2015-02-08,399923,298701,698624
02/09/2015,2015-02-09,936475,750136,1686611
02/10/2015,2015-02-10,965833,772727,1738560
02/11/2015,2015-02-11,966071,770885,1736956
02/12/2015,2015-02-12,883395,729249,1612644
02/13/2015,2015-02-13,911949,740559,1652508
02/14/2015,2015-02-14,514916,380652,895568
02/15/2015,2015-02-15,336299,276160,612459
02/16/2015,2015-02-16,652807,547767,1200574
02/17/2015,2015-02-17,912529,745575,1658104
02/18/2015,2015-02-18,833785,707746,1541531
02/19/2015,2015-02-19,576326,575180,1151506
02/20/2015,2015-02-20,847700,697600,1545300
02/21/2015,2015-02-21,565948,410400,976348
02/22/2015,2015-02-22,378733,299663,678396
02/23/2015,2015-02-23,857014,700742,1557756
02/24/2015,2015-02-24,901872,728674,1630546
02/25/2015,2015-02-25,905748,752497,1658245
02/26/2015,2015-02-26,857402,755359,1612761
02/27/2015,2015-02-27,903421,736663,1640084
02/28/2015,2015-02-28,542479,405241,947720
03/01/2015,2015-03-01,383971,293964,677935
03/02/2015,2015-03-02,912384,715945,1628329
03/03/2015,2015-03-03,904439,735951,1640390
03/04/2015,2015-03-04,928771,750369,1679140
03/05/2015,2015-03-05,909192,744229,1653421
03/06/2015,2015-03-06,909446,732902,1642348
03/07/2015,2015-03-07,585771,427330,1013101
03/08/2015,2015-03-08,399324,309962,709286
03/09/2015,2015-03-09,935951,752995,1688946
03/10/2015,2015-03-10,953173,767551,1720724
03/11/2015,2015-03-11,955083,778171,1733254
03/12/2015,2015-03-12,953310,790210,1743520
03/13/2015,2015-03-13,950690,801547,1752237
03/14/2015,2015-03-14,605758,673707,1279465
03/15/2015,2015-03-15,432055,362045,794100
03/16/2015,2015-03-16,939583,768218,1707801
03/17/2015,2015-03-17,934438,770081,1704519
03/18/2015,2015-03-18,937056,771625,1708681
03/19/2015,2015-03-19,928929,771127,1700056
03/20/2015,2015-03-20,932331,760906,1693237
03/21/2015,2015-03-21,566447,447493,1013940
03/22/2015,2015-03-22,383134,306283,689417
03/23/2015,2015-03-23,817246,693264,1510510
03/24/2015,2015-03-24,904344,727888,1632232
03/25/2015,2015-03-25,916538,734311,1650849
03/26/2015,2015-03-26,925361,736687,1662048
03/27/2015,2015-03-27,888293,726738,1615031
03/28/2015,2015-03-28,539031,429689,968720
03/29/2015,2015-03-29,362329,325865,688194
03/30/2015,2015-03-30,903992,736692,1640684
03/31/2015,2015-03-31,922487,753405,1675892
04/01/2015,2015-04-01,974353,784085,1758438
04/02/2015,2015-04-02,897550,761806,1659356
04/03/2015,2015-04-03,814328,681130,1495458
04/04/2015,2015-04-04,582015,427101,1009116
04/05/2015,2015-04-05,393690,327292,720982
04/06/2015,2015-04-06,807389,711923,1519312
04/07/2015,2015-04-07,813597,727328,1540925
04/08/2015,2015-04-08,822289,750275,1572564
04/09/2015,2015-04-09,748326,711033,1459359
04/10/2015,2015-04-10,828661,757159,1585820
04/11/2015,2015-04-11,586791,469045,1055836
04/12/2015,2015-04-12,410420,332334,742754
04/13/2015,2015-04-13,908654,767492,1676146
04/14/2015,2015-04-14,946490,796083,1742573
04/15/2015,2015-04-15,904861,796244,1701105
04/16/2015,2015-04-16,890058,791213,1681271
04/17/2015,2015-04-17,936814,818272,1755086
04/18/2015,2015-04-18,599954,503902,1103856
04/19/2015,2015-04-19,394676,338222,732898
04/20/2015,2015-04-20,907393,762726,1670119
04/21/2015,2015-04-21,931681,779658,1711339
04/22/2015,2015-04-22,925517,780432,1705949
04/23/2015,2015-04-23,935537,799888,1735425
04/24/2015,2015-04-24,912926,782626,1695552
04/25/2015,2015-04-25,496407,435893,932300
04/26/2015,2015-04-26,419729,352658,772387
04/27/2015,2015-04-27,925541,769888,1695429
04/28/2015,2015-04-28,941909,789018,1730927
04/29/2015,2015-04-29,934550,793551,1728101
04/30/2015,2015-04-30,923564,817167,1740731
05/01/2015,2015-05-01,993931,835711,1829642
05/02/2015,2015-05-02,629640,548837,1178477
05/03/2015,2015-05-03,435591,379014,814605
05/04/2015,2015-05-04,933337,756442,1689779
05/05/2015,2015-05-05,918652,769751,1688403
05/06/2015,2015-05-06,951886,789988,1741874
05/07/2015,2015-05-07,956437,810302,1766739
05/08/2015,2015-05-08,916218,780602,1696820
05/09/2015,2015-05-09,572064,455436,1027500
05/10/2015,2015-05-10,385323,315215,700538
05/11/2015,2015-05-11,869148,743353,1612501
05/12/2015,2015-05-12,904654,770185,1674839
05/13/2015,2015-05-13,926402,784501,1710903
05/14/2015,2015-05-14,912634,795093,1707727
05/15/2015,2015-05-15,921190,804671,1725861
05/16/2015,2015-05-16,561092,493377,1054469
05/17/2015,2015-05-17,415263,373832,789095
05/18/2015,2015-05-18,908842,761991,1670833
05/19/2015,2015-05-19,902867,759919,1662786
05/20/2015,2015-05-20,906942,760399,1667341
05/21/2015,2015-05-21,921476,784762,1706238
05/22/2015,2015-05-22,908692,760362,1669054
05/23/2015,2015-05-23,575386,501879,1077265
05/24/2015,2015-05-24,401488,366008,767496
05/25/2015,2015-05-25,397951,357227,755178
05/26/2015,2015-05-26,878946,743291,1622237
05/27/2015,2015-05-27,921204,783749,1704953
05/28/2015,2015-05-28,925094,787104,1712198
05/29/2015,2015-05-29,892551,800510,1693061
05/30/2015,2015-05-30,481814,428464,910278
05/31/2015,2015-05-31,388866,351159,740025
06/01/2015,2015-06-01,942997,757975,1700972
06/02/2015,2015-06-02,933346,779073,1712419
06/03/2015,2015-06-03,964899,794693,1759592
06/04/2015,2015-06-04,938834,797464,1736298
06/05/2015,2015-06-05,919157,784462,1703619
06/06/2015,2015-06-06,606641,511352,1117993
06/07/2015,2015-06-07,388946,337748,726694
06/08/2015,2015-06-08,891851,759176,1651027
06/09/2015,2015-06-09,932006,792806,1724812
06/10/2015,2015-06-10,915049,801607,1716656
06/11/2015,2015-06-11,898644,811432,1710076
06/12/2015,2015-06-12,854059,812194,1666253
06/13/2015,2015-06-13,590950,566965,1157915
06/14/2015,2015-06-14,419317,407107,826424
06/15/2015,2015-06-15,817931,774439,1592370
06/16/2015,2015-06-16,911783,818185,1729968
06/17/2015,2015-06-17,869500,775968,1645468
06/18/2015,2015-06-18,867529,914768,1782297
06/19/2015,2015-06-19,893122,813552,1706674
06/20/2015,2015-06-20,563855,500734,1064589
06/21/2015,2015-06-21,439513,390557,830070
06/22/2015,2015-06-22,759346,731448,1490794
06/23/2015,2015-06-23,840211,794064,1634275
06/24/2015,2015-06-24,821308,787858,1609166
06/25/2015,2015-06-25,808260,791423,1599683
06/26/2015,2015-06-26,773954,748661,1522615
06/27/2015,2015-06-27,570969,509237,1080206
06/28/2015,2015-06-28,439944,577866,1017810
06/29/2015,2015-06-29,797072,730941,1528013
06/30/2015,2015-06-30,835118,751277,1586395
07/01/2015,2015-07-01,886380,762718,1649098
07/02/2015,2015-07-02,850667,773838,1624505
07/03/2015,2015-07-03,602599,612736,1215335
07/04/2015,2015-07-04,508110,545727,1053837
07/05/2015,2015-07-05,427090,435680,862770
07/06/2015,2015-07-06,816338,770918,1587256
07/07/2015,2015-07-07,834983,794300,1629283
07/08/2015,2015-07-08,848028,813381,1661409
07/09/2015,2015-07-09,856253,834100,1690353
07/10/2015,2015-07-10,858745,851630,1710375
07/11/2015,2015-07-11,575848,560642,1136490
07/12/2015,2015-07-12,457477,468153,925630
07/13/2015,2015-07-13,784509,727235,1511744
07/14/2015,2015-07-14,836909,760527,1597436
07/15/2015,2015-07-15,859672,775047,1634719
07/16/2015,2015-07-16,802468,762144,1564612
07/17/2015,2015-07-17,822257,809549,1631806
07/18/2015,2015-07-18,529845,515769,1045614
07/19/2015,2015-07-19,440059,443655,883714
07/20/2015,2015-07-20,819425,749387,1568812
07/21/2015,2015-07-21,848416,782194,1630610
07/22/2015,2015-07-22,844761,785763,1630524
07/23/2015,2015-07-23,844483,783822,1628305
07/24/2015,2015-07-24,830024,818410,1648434
07/25/2015,2015-07-25,573827,539665,1113492
07/26/2015,2015-07-26,419005,402975,821980
07/27/2015,2015-07-27,820529,760311,1580840
07/28/2015,2015-07-28,827024,782394,1609418
07/29/2015,2015-07-29,814733,820373,1635106
07/30/2015,2015-07-30,825894,811903,1637797
07/31/2015,2015-07-31,834790,871817,1706607
08/01/2015,2015-08-01,574270,587633,1161903
08/02/2015,2015-08-02,425896,469421,895317
08/03/2015,2015-08-03,833632,751771,1585403
08/04/2015,2015-08-04,839704,762573,1602277
08/05/2015,2015-08-05,831758,765442,1597200
08/06/2015,2015-08-06,825012,795399,1620411
08/07/2015,2015-08-07,831076,798253,1629329
08/08/2015,2015-08-08,577878,534305,1112183
08/09/2015,2015-08-09,414942,384961,799903
08/10/2015,2015-08-10,772518,716242,1488760
08/11/2015,2015-08-11,823620,770361,1593981
08/12/2015,2015-08-12,817244,772367,1589611
08/13/2015,2015-08-13,817948,790163,1608111
08/14/2015,2015-08-14,813718,760558,1574276
08/15/2015,2015-08-15,567544,517393,1084937
08/16/2015,2015-08-16,448872,420453,869325
08/17/2015,2015-08-17,775836,708821,1484657
08/18/2015,2015-08-18,782272,745246,1527518
08/19/2015,2015-08-19,801496,768950,1570446
08/20/2015,2015-08-20,820929,778440,1599369
08/21/2015,2015-08-21,829744,785707,1615451
08/22/2015,2015-08-22,582295,519930,1102225
08/23/2015,2015-08-23,412542,393966,806508
08/24/2015,2015-08-24,824140,774207,1598347
08/25/2015,2015-08-25,838405,768794,1607199
08/26/2015,2015-08-26,860821,774429,1635250
08/27/2015,2015-08-27,858460,803728,1662188
08/28/2015,2015-08-28,841111,770482,1611593
08/29/2015,2015-08-29,520511,468675,989186
08/30/2015,2015-08-30,417777,371923,789700
08/31/2015,2015-08-31,836125,771622,1607747
09/01/2015,2015-09-01,909864,799606,1709470
09/02/2015,2015-09-02,882052,792561,1674613
09/03/2015,2015-09-03,907453,800062,1707515
09/04/2015,2015-09-04,869966,802219,1672185
09/05/2015,2015-09-05,571868,528694,1100562
09/06/2015,2015-09-06,452841,452445,905286
09/07/2015,2015-09-07,419206,362421,781627
09/08/2015,2015-09-08,885886,756110,1641996
09/09/2015,2015-09-09,966510,821823,1788333
09/10/2015,2015-09-10,928707,823661,1752368
09/11/2015,2015-09-11,924272,872323,1796595
09/12/2015,2015-09-12,553239,530282,1083521
09/13/2015,2015-09-13,423559,417183,840742
09/14/2015,2015-09-14,930582,803746,1734328
09/15/2015,2015-09-15,956026,853826,1809852
09/16/2015,2015-09-16,956622,840594,1797216
09/17/2015,2015-09-17,927771,851514,1779285
09/18/2015,2015-09-18,895702,853094,1748796
09/19/2015,2015-09-19,558990,557919,1116909
09/20/2015,2015-09-20,433770,428858,862628
09/21/2015,2015-09-21,935471,837061,1772532
09/22/2015,2015-09-22,947566,842632,1790198
09/23/2015,2015-09-23,942933,838495,1781428
09/24/2015,2015-09-24,942518,835403,1777921
09/25/2015,2015-09-25,951827,863209,1815036
09/26/2015,2015-09-26,598862,565634,1164496
09/27/2015,2015-09-27,422542,406802,829344
09/28/2015,2015-09-28,929278,829791,1759069
09/29/2015,2015-09-29,914286,822855,1737141
09/30/2015,2015-09-30,946374,835001,1781375
10/01/2015,2015-10-01,993576,848050,1841626
10/02/2015,2015-10-02,981039,837159,1818198
10/03/2015,2015-10-03,571153,488574,1059727
10/04/2015,2015-10-04,417529,371950,789479
10/05/2015,2015-10-05,948999,805091,1754090
10/06/2015,2015-10-06,967808,831137,1798945
10/07/2015,2015-10-07,970204,854361,1824565
10/08/2015,2015-10-08,959798,851423,1811221
10/09/2015,2015-10-09,931769,854606,1786375
10/10/2015,2015-10-10,577667,541173,1118840
10/11/2015,2015-10-11,400140,558033,958173
10/12/2015,2015-10-12,759254,776968,1536222
10/13/2015,2015-10-13,947941,873747,1821688
10/14/2015,2015-10-14,954519,845066,1799585
10/15/2015,2015-10-15,946290,860809,1807099
10/16/2015,2015-10-16,936818,855252,1792070
10/17/2015,2015-10-17,578160,546096,1124256
10/18/2015,2015-10-18,415455,392712,808167
10/19/2015,2015-10-19,930236,819286,1749522
10/20/2015,2015-10-20,950953,875792,1826745
10/21/2015,2015-10-21,955633,882188,1837821
10/22/2015,2015-10-22,942983,852957,1795940
10/23/2015,2015-10-23,915489,828812,1744301
10/24/2015,2015-10-24,556146,492083,1048229
10/25/2015,2015-10-25,415182,368100,783282
10/26/2015,2015-10-26,929741,805144,1734885
10/27/2015,2015-10-27,916953,824772,1741725
10/28/2015,2015-10-28,910794,826173,1736967
10/29/2015,2015-10-29,916453,837868,1754321
10/30/2015,2015-10-30,949185,840246,1789431
10/31/2015,2015-10-31,500004,418362,918366
11/01/2015,2015-11-01,436791,378873,815664
11/02/2015,2015-11-02,940464,817657,1758121
11/03/2015,2015-11-03,987382,830460,1817842
11/04/2015,2015-11-04,956176,842035,1798211
11/05/2015,2015-11-05,942300,851684,1793984
11/06/2015,2015-11-06,925054,832872,1757926
11/07/2015,2015-11-07,573470,496404,1069874
11/08/2015,2015-11-08,414784,379185,793969
11/09/2015,2015-11-09,923927,811177,1735104
11/10/2015,2015-11-10,940362,832141,1772503
11/11/2015,2015-11-11,755234,738828,1494062
11/12/2015,2015-11-12,879349,820988,1700337
11/13/2015,2015-11-13,837532,804273,1641805
11/14/2015,2015-11-14,545554,475091,1020645
11/15/2015,2015-11-15,411704,352488,764192
11/16/2015,2015-11-16,908305,797597,1705902
11/17/2015,2015-11-17,880013,801291,1681304
11/18/2015,2015-11-18,893671,808901,1702572
11/19/2015,2015-11-19,884290,811595,1695885
11/20/2015,2015-11-20,894949,812590,1707539
11/21/2015,2015-11-21,429624,469943,899567
11/22/2015,2015-11-22,356953,338408,695361
11/23/2015,2015-11-23,877236,781545,1658781
11/24/2015,2015-11-24,898177,805812,1703989
11/25/2015,2015-11-25,735265,667707,1402972
11/26/2015,2015-11-26,288282,234285,522567
11/27/2015,2015-11-27,443089,410220,853309
11/28/2015,2015-11-28,459598,396926,856524
11/29/2015,2015-11-29,365314,312990,678304
11/30/2015,2015-11-30,870662,756626,1627288
12/01/2015,2015-12-01,949925,794768,1744693
12/02/2015,2015-12-02,906715,792020,1698735
12/03/2015,2015-12-03,940609,807065,1747674
12/04/2015,2015-12-04,930083,815301,1745384
12/05/2015,2015-12-05,566882,501339,1068221
12/06/2015,2015-12-06,411174,360066,771240
12/07/2015,2015-12-07,898172,758242,1656414
12/08/2015,2015-12-08,910018,775695,1685713
12/09/2015,2015-12-09,916281,789224,1705505
12/10/2015,2015-12-10,909606,796080,1705686
12/11/2015,2015-12-11,912854,801907,1714761
12/12/2015,2015-12-12,541305,491199,1032504
12/13/2015,2015-12-13,383666,344084,727750
12/14/2015,2015-12-14,849106,728299,1577405
12/15/2015,2015-12-15,884506,755882,1640388
12/16/2015,2015-12-16,871638,755292,1626930
12/17/2015,2015-12-17,864846,752203,1617049
12/18/2015,2015-12-18,846033,738908,1584941
12/19/2015,2015-12-19,506208,423960,930168
12/20/2015,2015-12-20,392051,326681,718732
12/21/2015,2015-12-21,696473,644071,1340544
12/22/2015,2015-12-22,722061,664559,1386620
12/23/2015,2015-12-23,654312,571814,1226126
12/24/2015,2015-12-24,531521,378784,910305
12/25/2015,2015-12-25,231718,162100,393818
12/26/2015,2015-12-26,387357,292832,680189
12/27/2015,2015-12-27,334737,272169,606906
12/28/2015,2015-12-28,514171,484349,998520
12/29/2015,2015-12-29,638221,571322,1209543
12/30/2015,2015-12-30,636706,585337,1222043
12/31/2015,2015-12-31,604409,565772,1170181
01/01/2016,2016-01-01,303321,319835,623156
01/02/2016,2016-01-02,448859,365509,814368
01/03/2016,2016-01-03,340540,287661,628201
01/04/2016,2016-01-04,829429,703185,1532614
01/05/2016,2016-01-05,846789,727716,1574505
01/06/2016,2016-01-06,853904,733167,1587071
01/07/2016,2016-01-07,846274,736809,1583083
01/08/2016,2016-01-08,841494,732495,1573989
01/09/2016,2016-01-09,469539,391597,861136
01/10/2016,2016-01-10,306896,263073,569969
01/11/2016,2016-01-11,753006,694734,1447740
01/12/2016,2016-01-12,760149,705694,1465843
01/13/2016,2016-01-13,787220,716663,1503883
01/14/2016,2016-01-14,859099,758116,1617215
01/15/2016,2016-01-15,858032,742622,1600654
01/16/2016,2016-01-16,486797,404212,891009
01/17/2016,2016-01-17,266532,241160,507692
01/18/2016,2016-01-18,439597,405686,845283
01/19/2016,2016-01-19,810646,727458,1538104
01/20/2016,2016-01-20,856911,758524,1615435
01/21/2016,2016-01-21,873177,766262,1639439
01/22/2016,2016-01-22,841282,745168,1586450
01/23/2016,2016-01-23,487975,416999,904974
01/24/2016,2016-01-24,352859,293804,646663
01/25/2016,2016-01-25,865486,751104,1616590
01/26/2016,2016-01-26,872768,764023,1636791
01/27/2016,2016-01-27,882832,768241,1651073
01/28/2016,2016-01-28,877280,771161,1648441
01/29/2016,2016-01-29,863548,751090,1614638
01/30/2016,2016-01-30,510514,427874,938388
01/31/2016,2016-01-31,358361,293056,651417
02/01/2016,2016-02-01,926781,759849,1686630
02/02/2016,2016-02-02,833911,739247,1573158
02/03/2016,2016-02-03,925655,772821,1698476
02/04/2016,2016-02-04,901406,778227,1679633
02/05/2016,2016-02-05,785587,731495,1517082
02/06/2016,2016-02-06,522296,423602,945898
02/07/2016,2016-02-07,377642,301141,678783
02/08/2016,2016-02-08,856547,733387,1589934
02/09/2016,2016-02-09,858961,752849,1611810
02/10/2016,2016-02-10,850090,742445,1592535
02/11/2016,2016-02-11,866884,752703,1619587
02/12/2016,2016-02-12,820833,706242,1527075
02/13/2016,2016-02-13,438203,392095,830298
02/14/2016,2016-02-14,339238,314191,653429
02/15/2016,2016-02-15,605584,548390,1153974
02/16/2016,2016-02-16,883108,764147,1647255
02/17/2016,2016-02-17,889758,766940,1656698
02/18/2016,2016-02-18,890627,773317,1663944
02/19/2016,2016-02-19,887914,761996,1649910
02/20/2016,2016-02-20,566721,464149,1030870
02/21/2016,2016-02-21,378769,311190,689959
02/22/2016,2016-02-22,869531,745072,1614603
02/23/2016,2016-02-23,890949,765309,1656258
02/24/2016,2016-02-24,795160,725712,1520872
02/25/2016,2016-02-25,855117,762858,1617975
02/26/2016,2016-02-26,865397,749991,1615388
02/27/2016,2016-02-27,536678,455421,992099
02/28/2016,2016-02-28,385121,323758,708879
02/29/2016,2016-02-29,862380,742972,1605352
03/01/2016,2016-03-01,859775,741922,1601697
03/02/2016,2016-03-02,878633,760062,1638695
03/03/2016,2016-03-03,882188,764033,1646221
03/04/2016,2016-03-04,883059,754750,1637809
03/05/2016,2016-03-05,503983,421193,925176
03/06/2016,2016-03-06,393610,327173,720783
03/07/2016,2016-03-07,866171,739174,1605345
03/08/2016,2016-03-08,902888,781301,1684189
03/09/2016,2016-03-09,882030,768961,1650991
03/10/2016,2016-03-10,888084,780687,1668771
03/11/2016,2016-03-11,886599,797977,1684576
03/12/2016,2016-03-12,542246,605182,1147428
03/13/2016,2016-03-13,332203,303129,635332
03/14/2016,2016-03-14,870740,766595,1637335
03/15/2016,2016-03-15,887592,769441,1657033
03/16/2016,2016-03-16,876232,779846,1656078
03/17/2016,2016-03-17,891580,793590,1685170
03/18/2016,2016-03-18,875707,765919,1641626
03/19/2016,2016-03-19,520426,438020,958446
03/20/2016,2016-03-20,388282,318670,706952
03/21/2016,2016-03-21,845669,707127,1552796
03/22/2016,2016-03-22,863201,727343,1590544
03/23/2016,2016-03-23,838201,714672,1552873
03/24/2016,2016-03-24,770638,689517,1460155
03/25/2016,2016-03-25,722960,650870,1373830
03/26/2016,2016-03-26,518549,415919,934468
03/27/2016,2016-03-27,342269,278098,620367
03/28/2016,2016-03-28,842760,731858,1574618
03/29/2016,2016-03-29,891134,766072,1657206
03/30/2016,2016-03-30,860700,750353,1611053
03/31/2016,2016-03-31,832775,758014,1590789
04/01/2016,2016-04-01,848592,767974,1616566
04/02/2016,2016-04-02,492072,406616,898688
04/03/2016,2016-04-03,396042,345432,741474
04/04/2016,2016-04-04,857791,741710,1599501
04/05/2016,2016-04-05,898889,774877,1673766
04/06/2016,2016-04-06,851050,763128,1614178
04/07/2016,2016-04-07,867670,786281,1653951
04/08/2016,2016-04-08,782419,753786,1536205
04/09/2016,2016-04-09,509980,446082,956062
04/10/2016,2016-04-10,345627,301954,647581
04/11/2016,2016-04-11,878043,789042,1667085
04/12/2016,2016-04-12,886265,777658,1663923
04/13/2016,2016-04-13,850705,796616,1647321
04/14/2016,2016-04-14,863513,805071,1668584
04/15/2016,2016-04-15,881603,806015,1687618
04/16/2016,2016-04-16,554744,505299,1060043
04/17/2016,2016-04-17,409732,376485,786217
04/18/2016,2016-04-18,785035,732335,1517370
04/19/2016,2016-04-19,765854,741141,1506995
04/20/2016,2016-04-20,774694,745040,1519734
04/21/2016,2016-04-21,768704,754746,1523450
04/22/2016,2016-04-22,745475,721051,1466526
04/23/2016,2016-04-23,503944,445282,949226
04/24/2016,2016-04-24,397080,343644,740724
04/25/2016,2016-04-25,854155,751951,1606106
04/26/2016,2016-04-26,862743,782134,1644877
04/27/2016,2016-04-27,856722,782591,1639313
04/28/2016,2016-04-28,851720,821158,1672878
04/29/2016,2016-04-29,893284,815629,1708913
04/30/2016,2016-04-30,474138,416588,890726
05/01/2016,2016-05-01,376131,334275,710406
05/02/2016,2016-05-02,878407,751259,1629666
05/03/2016,2016-05-03,879141,769834,1648975
05/04/2016,2016-05-04,879217,767760,1646977
05/05/2016,2016-05-05,898541,818665,1717206
05/06/2016,2016-05-06,877873,814758,1692631
05/07/2016,2016-05-07,512770,484312,997082
05/08/2016,2016-05-08,393146,357946,751092
05/09/2016,2016-05-09,815440,736551,1551991
05/10/2016,2016-05-10,827322,761469,1588791
05/11/2016,2016-05-11,873275,804156,1677431
05/12/2016,2016-05-12,849532,775198,1624730
05/13/2016,2016-05-13,852594,787476,1640070
05/14/2016,2016-05-14,497514,455838,953352
05/15/2016,2016-05-15,384799,360008,744807
05/16/2016,2016-05-16,836089,730287,1566376
05/17/2016,2016-05-17,839788,748287,1588075
05/18/2016,2016-05-18,856701,757395,1614096
05/19/2016,2016-05-19,855438,772464,1627902
05/20/2016,2016-05-20,834308,756160,1590468
05/21/2016,2016-05-21,513934,460385,974319
05/22/2016,2016-05-22,393684,357897,751581
05/23/2016,2016-05-23,839566,748976,1588542
05/24/2016,2016-05-24,854725,767439,1622164
05/25/2016,2016-05-25,833427,754244,1587671
05/26/2016,2016-05-26,853656,775073,1628729
05/27/2016,2016-05-27,808244,757981,1566225
05/28/2016,2016-05-28,500775,532343,1033118
05/29/2016,2016-05-29,409978,430982,840960
05/30/2016,2016-05-30,394914,389143,784057
05/31/2016,2016-05-31,801439,753953,1555392
06/01/2016,2016-06-01,872679,788650,1661329
06/02/2016,2016-06-02,873112,815928,1689040
06/03/2016,2016-06-03,892290,824890,1717180
06/04/2016,2016-06-04,504778,462308,967086
06/05/2016,2016-06-05,415836,395977,811813
06/06/2016,2016-06-06,854036,762707,1616743
06/07/2016,2016-06-07,863284,795251,1658535
06/08/2016,2016-06-08,866785,791667,1658452
06/09/2016,2016-06-09,828551,789678,1618229
06/10/2016,2016-06-10,862529,853441,1715970
06/11/2016,2016-06-11,530558,542809,1073367
06/12/2016,2016-06-12,409577,414048,823625
06/13/2016,2016-06-13,827684,760210,1587894
06/14/2016,2016-06-14,834141,778823,1612964
06/15/2016,2016-06-15,845450,786422,1631872
06/16/2016,2016-06-16,832864,777260,1610124
06/17/2016,2016-06-17,832088,818467,1650555
06/18/2016,2016-06-18,526402,520856,1047258
06/19/2016,2016-06-19,405719,396078,801797
06/20/2016,2016-06-20,785446,762810,1548256
06/21/2016,2016-06-21,834157,810149,1644306
06/22/2016,2016-06-22,707452,755165,1462617
06/23/2016,2016-06-23,757817,760840,1518657
06/24/2016,2016-06-24,762562,781653,1544215
06/25/2016,2016-06-25,531261,506223,1037484
06/26/2016,2016-06-26,380689,453679,834368
06/27/2016,2016-06-27,753543,723488,1477031
06/28/2016,2016-06-28,771611,748753,1520364
06/29/2016,2016-06-29,774728,754918,1529646
06/30/2016,2016-06-30,763112,783020,1546132
07/01/2016,2016-07-01,798706,726939,1525645
07/02/2016,2016-07-02,530654,448200,978854
07/03/2016,2016-07-03,415172,376896,792068
07/04/2016,2016-07-04,393858,410925,804783
07/05/2016,2016-07-05,769179,735491,1504670
07/06/2016,2016-07-06,771626,788995,1560621
07/07/2016,2016-07-07,769513,774128,1543641
07/08/2016,2016-07-08,786823,790177,1577000
07/09/2016,2016-07-09,536269,515738,1052007
07/10/2016,2016-07-10,409685,397778,807463
07/11/2016,2016-07-11,769128,739158,1508286
07/12/2016,2016-07-12,782892,749136,1532028
07/13/2016,2016-07-13,762764,742502,1505266
07/14/2016,2016-07-14,794813,775495,1570308
07/15/2016,2016-07-15,769172,804635,1573807
07/16/2016,2016-07-16,529240,528345,1057585
07/17/2016,2016-07-17,372190,409174,781364
07/18/2016,2016-07-18,774239,768719,1542958
07/19/2016,2016-07-19,795162,797424,1592586
07/20/2016,2016-07-20,788803,794496,1583299
07/21/2016,2016-07-21,737845,753156,1491001
07/22/2016,2016-07-22,745409,747479,1492888
07/23/2016,2016-07-23,472199,457178,929377
07/24/2016,2016-07-24,370394,346616,717010
07/25/2016,2016-07-25,757860,744827,1502687
07/26/2016,2016-07-26,786060,777948,1564008
07/27/2016,2016-07-27,789537,831925,1621462
07/28/2016,2016-07-28,745499,867964,1613463
07/29/2016,2016-07-29,739138,868062,1607200
07/30/2016,2016-07-30,503786,576267,1080053
07/31/2016,2016-07-31,400504,472314,872818
08/01/2016,2016-08-01,805970,779020,1584990
08/02/2016,2016-08-02,795778,779493,1575271
08/03/2016,2016-08-03,822281,785246,1607527
08/04/2016,2016-08-04,783253,755236,1538489
08/05/2016,2016-08-05,779186,747672,1526858
08/06/2016,2016-08-06,539382,467180,1006562
08/07/2016,2016-08-07,398288,355693,753981
08/08/2016,2016-08-08,759970,707087,1467057
08/09/2016,2016-08-09,781438,769199,1550637
08/10/2016,2016-08-10,777389,765854,1543243
08/11/2016,2016-08-11,767967,775031,1542998
08/12/2016,2016-08-12,700723,715035,1415758
08/13/2016,2016-08-13,522972,488035,1011007
08/14/2016,2016-08-14,402523,380801,783324
08/15/2016,2016-08-15,718167,688590,1406757
08/16/2016,2016-08-16,762943,764267,1527210
08/17/2016,2016-08-17,759254,747942,1507196
08/18/2016,2016-08-18,740297,743427,1483724
08/19/2016,2016-08-19,743211,718317,1461528
08/20/2016,2016-08-20,480928,445798,926726
08/21/2016,2016-08-21,417057,396317,813374
08/22/2016,2016-08-22,764690,744165,1508855
08/23/2016,2016-08-23,784341,744176,1528517
08/24/2016,2016-08-24,751955,721826,1473781
08/25/2016,2016-08-25,775862,737801,1513663
08/26/2016,2016-08-26,797432,768053,1565485
08/27/2016,2016-08-27,501883,451497,953380
08/28/2016,2016-08-28,395954,343853,739807
08/29/2016,2016-08-29,781400,750329,1531729
08/30/2016,2016-08-30,791868,767220,1559088
08/31/2016,2016-08-31,815110,779334,1594444
09/01/2016,2016-09-01,847144,784336,1631480
09/02/2016,2016-09-02,838151,777158,1615309
09/03/2016,2016-09-03,542836,509314,1052150
09/04/2016,2016-09-04,427194,421479,848673
09/05/2016,2016-09-05,399846,347259,747105
09/06/2016,2016-09-06,910863,760434,1671297
09/07/2016,2016-09-07,885587,785121,1670708
09/08/2016,2016-09-08,882599,797585,1680184
09/09/2016,2016-09-09,879935,784678,1664613
09/10/2016,2016-09-10,510845,465562,976407
09/11/2016,2016-09-11,397693,354732,752425
09/12/2016,2016-09-12,886146,784139,1670285
09/13/2016,2016-09-13,904869,811807,1716676
09/14/2016,2016-09-14,898125,812240,1710365
09/15/2016,2016-09-15,907872,862105,1769977
09/16/2016,2016-09-16,889307,843488,1732795
09/17/2016,2016-09-17,537329,524421,1061750
09/18/2016,2016-09-18,401077,402811,803888
09/19/2016,2016-09-19,894210,816014,1710224
09/20/2016,2016-09-20,895184,826518,1721702
09/21/2016,2016-09-21,863211,814264,1677475
09/22/2016,2016-09-22,897609,814897,1712506
09/23/2016,2016-09-23,880748,832417,1713165
09/24/2016,2016-09-24,539037,529457,1068494
09/25/2016,2016-09-25,394810,380403,775213
09/26/2016,2016-09-26,884989,787408,1672397
09/27/2016,2016-09-27,889769,795780,1685549
09/28/2016,2016-09-28,855499,787727,1643226
09/29/2016,2016-09-29,870533,799130,1669663
09/30/2016,2016-09-30,889641,787112,1676753
10/01/2016,2016-10-01,511504,445272,956776
10/02/2016,2016-10-02,391845,351589,743434
10/03/2016,2016-10-03,912435,775906,1688341
10/04/2016,2016-10-04,919088,799529,1718617
10/05/2016,2016-10-05,915987,815309,1731296
10/06/2016,2016-10-06,858960,817595,1676555
10/07/2016,2016-10-07,888731,877814,1766545
10/08/2016,2016-10-08,537610,546072,1083682
10/09/2016,2016-10-09,368515,528189,896704
10/10/2016,2016-10-10,714940,708958,1423898
10/11/2016,2016-10-11,884539,805839,1690378
10/12/2016,2016-10-12,847394,785404,1632798
10/13/2016,2016-10-13,896918,828891,1725809
10/14/2016,2016-10-14,892797,818230,1711027
10/15/2016,2016-10-15,542187,535567,1077754
10/16/2016,2016-10-16,385574,403090,788664
10/17/2016,2016-10-17,890736,791317,1682053
10/18/2016,2016-10-18,901884,810090,1711974
10/19/2016,2016-10-19,895104,807016,1702120
10/20/2016,2016-10-20,880209,812195,1692404
10/21/2016,2016-10-21,867704,800137,1667841
10/22/2016,2016-10-22,533242,566999,1100241
10/23/2016,2016-10-23,388470,366503,754973
10/24/2016,2016-10-24,869861,779618,1649479
10/25/2016,2016-10-25,876768,801123,1677891
10/26/2016,2016-10-26,824006,782126,1606132
10/27/2016,2016-10-27,892963,822190,1715153
10/28/2016,2016-10-28,894311,918735,1813046
10/29/2016,2016-10-29,539098,627116,1166214
10/30/2016,2016-10-30,377290,446582,823872
10/31/2016,2016-10-31,860741,797545,1658286
11/01/2016,2016-11-01,931276,815318,1746594
11/02/2016,2016-11-02,866812,842885,1709697
11/03/2016,2016-11-03,919828,891357,1811185
11/04/2016,2016-11-04,798901,1146516,1945417
11/05/2016,2016-11-05,536579,531687,1068266
11/06/2016,2016-11-06,406215,380648,786863
11/07/2016,2016-11-07,887002,809878,1696880
11/08/2016,2016-11-08,880506,791870,1672376
11/09/2016,2016-11-09,865500,817596,1683096
11/10/2016,2016-11-10,842332,807250,1649582
11/11/2016,2016-11-11,715260,721083,1436343
11/12/2016,2016-11-12,500583,474411,974994
11/13/2016,2016-11-13,369986,338339,708325
11/14/2016,2016-11-14,862939,775439,1638378
11/15/2016,2016-11-15,881225,797235,1678460
11/16/2016,2016-11-16,884662,801320,1685982
11/17/2016,2016-11-17,873693,811240,1684933
11/18/2016,2016-11-18,819907,792361,1612268
11/19/2016,2016-11-19,477472,501156,978628
11/20/2016,2016-11-20,345895,315179,661074
11/21/2016,2016-11-21,844666,758214,1602880
11/22/2016,2016-11-22,837828,756704,1594532
11/23/2016,2016-11-23,661576,624827,1286403
11/24/2016,2016-11-24,266241,219875,486116
11/25/2016,2016-11-25,496285,411245,907530
11/26/2016,2016-11-26,441384,383042,824426
11/27/2016,2016-11-27,343504,302029,645533
11/28/2016,2016-11-28,801243,720824,1522067
11/29/2016,2016-11-29,871577,771348,1642925
11/30/2016,2016-11-30,852623,768149,1620772
12/01/2016,2016-12-01,885401,779287,1664688
12/02/2016,2016-12-02,882063,780569,1662632
12/03/2016,2016-12-03,517756,456762,974518
12/04/2016,2016-12-04,333825,312904,646729
12/05/2016,2016-12-05,841336,735184,1576520
12/06/2016,2016-12-06,859470,745095,1604565
12/07/2016,2016-12-07,831766,745626,1577392
12/08/2016,2016-12-08,790418,724726,1515144
12/09/2016,2016-12-09,806718,730968,1537686
12/10/2016,2016-12-10,472855,424387,897242
12/11/2016,2016-12-11,309743,291688,601431
12/12/2016,2016-12-12,787062,702745,1489807
12/13/2016,2016-12-13,785276,714038,1499314
12/14/2016,2016-12-14,734884,688959,1423843
12/15/2016,2016-12-15,617119,624213,1241332
12/16/2016,2016-12-16,744691,690845,1435536
12/17/2016,2016-12-17,445779,394366,840145
12/18/2016,2016-12-18,270767,253184,523951
12/19/2016,2016-12-19,650356,607020,1257376
12/20/2016,2016-12-20,758686,668762,1427448
12/21/2016,2016-12-21,770713,665402,1436115
12/22/2016,2016-12-22,747188,635174,1382362
12/23/2016,2016-12-23,676407,516584,1192991
12/24/2016,2016-12-24,391140,253926,645066
12/25/2016,2016-12-25,199220,131542,330762
12/26/2016,2016-12-26,380189,292312,672501
12/27/2016,2016-12-27,575294,490822,1066116
12/28/2016,2016-12-28,611176,537443,1148619
12/29/2016,2016-12-29,593626,532909,1126535
12/30/2016,2016-12-30,628159,524474,1152633
12/31/2016,2016-12-31,433952,361268,795220
01/01/2017,2017-01-01,277926,292472,570398
01/02/2017,2017-01-02,371865,314798,686663
01/03/2017,2017-01-03,690503,650650,1341153
01/04/2017,2017-01-04,636491,639970,1276461
01/05/2017,2017-01-05,611987,629939,1241926
01/06/2017,2017-01-06,591800,600277,1192077
01/07/2017,2017-01-07,362508,319746,682254
01/08/2017,2017-01-08,290096,244060,534156
01/09/2017,2017-01-09,781139,692776,1473915
01/10/2017,2017-01-10,773792,711194,1484986
01/11/2017,2017-01-11,803730,714551,1518281
01/12/2017,2017-01-12,777149,714212,1491361
01/13/2017,2017-01-13,771359,698254,1469613
01/14/2017,2017-01-14,429614,363554,793168
01/15/2017,2017-01-15,328355,280852,609207
01/16/2017,2017-01-16,486791,435039,921830
01/17/2017,2017-01-17,829925,737976,1567901
01/18/2017,2017-01-18,835362,742180,1577542
01/19/2017,2017-01-19,823901,743065,1566966
01/20/2017,2017-01-20,798511,731616,1530127
01/21/2017,2017-01-21,488902,582031,1070933
01/22/2017,2017-01-22,331138,272268,603406
01/23/2017,2017-01-23,817750,724078,1541828
01/24/2017,2017-01-24,834979,742724,1577703
01/25/2017,2017-01-25,831467,743587,1575054
01/26/2017,2017-01-26,823395,750472,1573867
01/27/2017,2017-01-27,792183,715515,1507698
01/28/2017,2017-01-28,439479,382131,821610
01/29/2017,2017-01-29,304565,274728,579293
01/30/2017,2017-01-30,806014,715290,1521304
01/31/2017,2017-01-31,828074,741389,1569463
02/01/2017,2017-02-01,883845,750500,1634345
02/02/2017,2017-02-02,829125,736551,1565676
02/03/2017,2017-02-03,782899,690415,1473314
02/04/2017,2017-02-04,461743,370873,832616
02/05/2017,2017-02-05,351708,282731,634439
02/06/2017,2017-02-06,838312,713858,1552170
02/07/2017,2017-02-07,827885,734586,1562471
02/08/2017,2017-02-08,841278,737535,1578813
02/09/2017,2017-02-09,815353,726872,1542225
02/10/2017,2017-02-10,832724,720483,1553207
02/11/2017,2017-02-11,497589,405211,902800
02/12/2017,2017-02-12,358101,296805,654906
02/13/2017,2017-02-13,822007,702129,1524136
02/14/2017,2017-02-14,870130,752585,1622715
02/15/2017,2017-02-15,841181,735910,1577091
02/16/2017,2017-02-16,831398,738525,1569923
02/17/2017,2017-02-17,841425,738941,1580366
02/18/2017,2017-02-18,512205,447059,959264
02/19/2017,2017-02-19,383581,328391,711972
02/20/2017,2017-02-20,623736,557822,1181558
02/21/2017,2017-02-21,848951,741773,1590724
02/22/2017,2017-02-22,873309,758299,1631608
02/23/2017,2017-02-23,850254,751257,1601511
02/24/2017,2017-02-24,820536,723532,1544068
02/25/2017,2017-02-25,449817,374595,824412
02/26/2017,2017-02-26,350829,287405,638234
02/27/2017,2017-02-27,837214,720932,1558146
02/28/2017,2017-02-28,823654,730508,1554162
03/01/2017,2017-03-01,863043,742729,1605772
03/02/2017,2017-03-02,842926,741459,1584385
03/03/2017,2017-03-03,851128,729461,1580589
03/04/2017,2017-03-04,487500,401568,889068
03/05/2017,2017-03-05,364977,298189,663166
03/06/2017,2017-03-06,823084,703811,1526895
03/07/2017,2017-03-07,862784,751315,1614099
03/08/2017,2017-03-08,858498,751336,1609834
03/09/2017,2017-03-09,841498,748709,1590207
03/10/2017,2017-03-10,816750,730837,1547587
03/11/2017,2017-03-11,459826,493451,953277
03/12/2017,2017-03-12,336952,292240,629192
03/13/2017,2017-03-13,761376,703982,1465358
03/14/2017,2017-03-14,712423,727042,1439465
03/15/2017,2017-03-15,822423,748703,1571126
03/16/2017,2017-03-16,827779,758060,1585839
03/17/2017,2017-03-17,804320,732007,1536327
03/18/2017,2017-03-18,473609,404779,878388
03/19/2017,2017-03-19,371042,304418,675460
03/20/2017,2017-03-20,802404,690624,1493028
03/21/2017,2017-03-21,835641,718304,1553945
03/22/2017,2017-03-22,816876,706282,1523158
03/23/2017,2017-03-23,802941,708026,1510967
03/24/2017,2017-03-24,821828,715787,1537615
03/25/2017,2017-03-25,414644,356083,770727
03/26/2017,2017-03-26,340733,292995,633728
03/27/2017,2017-03-27,825472,724012,1549484
03/28/2017,2017-03-28,846658,748201,1594859
03/29/2017,2017-03-29,837430,745915,1583345
03/30/2017,2017-03-30,756598,718864,1475462
03/31/2017,2017-03-31,839312,737168,1576480
04/01/2017,2017-04-01,517493,433603,951096
04/02/2017,2017-04-02,357643,319046,676689
04/03/2017,2017-04-03,840610,743301,1583911
04/04/2017,2017-04-04,873844,763221,1637065
04/05/2017,2017-04-05,755345,732462,1487807
04/06/2017,2017-04-06,822266,771468,1593734
04/07/2017,2017-04-07,765361,741568,1506929
04/08/2017,2017-04-08,508239,452426,960665
04/09/2017,2017-04-09,388435,336277,724712
04/10/2017,2017-04-10,695555,708408,1403963
04/11/2017,2017-04-11,736309,720080,1456389
04/12/2017,2017-04-12,754940,757854,1512794
04/13/2017,2017-04-13,723724,745720,1469444
04/14/2017,2017-04-14,692506,676016,1368522
04/15/2017,2017-04-15,506929,453975,960904
04/16/2017,2017-04-16,339738,293545,633283
04/17/2017,2017-04-17,809433,738426,1547859
04/18/2017,2017-04-18,848195,772115,1620310
04/19/2017,2017-04-19,811178,757251,1568429
04/20/2017,2017-04-20,797055,758119,1555174
04/21/2017,2017-04-21,819393,753932,1573325
04/22/2017,2017-04-22,493687,467485,961172
04/23/2017,2017-04-23,373492,330832,704324
04/24/2017,2017-04-24,830257,736639,1566896
04/25/2017,2017-04-25,860569,761180,1621749
04/26/2017,2017-04-26,838762,757859,1596621
04/27/2017,2017-04-27,807318,748983,1556301
04/28/2017,2017-04-28,830500,740579,1571079
04/29/2017,2017-04-29,405068,364346,769414
04/30/2017,2017-04-30,307608,269345,576953
05/01/2017,2017-05-01,847371,747837,1595208
05/02/2017,2017-05-02,846717,762139,1608856
05/03/2017,2017-05-03,890581,778089,1668670
05/04/2017,2017-05-04,836436,770199,1606635
05/05/2017,2017-05-05,840819,771492,1612311
05/06/2017,2017-05-06,502922,460695,963617
05/07/2017,2017-05-07,370985,334930,705915
05/08/2017,2017-05-08,829268,722987,1552255
05/09/2017,2017-05-09,827183,738712,1565895
05/10/2017,2017-05-10,821006,736258,1557264
05/11/2017,2017-05-11,832163,755558,1587721
05/12/2017,2017-05-12,824305,745485,1569790
05/13/2017,2017-05-13,504045,427964,932009
05/14/2017,2017-05-14,364734,313469,678203
05/15/2017,2017-05-15,805190,709882,1515072
05/16/2017,2017-05-16,843103,768941,1612044
05/17/2017,2017-05-17,835226,763055,1598281
05/18/2017,2017-05-18,824327,775776,1600103
05/19/2017,2017-05-19,768158,726694,1494852
05/20/2017,2017-05-20,441093,396705,837798
05/21/2017,2017-05-21,366609,350024,716633
05/22/2017,2017-05-22,817334,744257,1561591
05/23/2017,2017-05-23,799986,753184,1553170
05/24/2017,2017-05-24,820511,762453,1582964
05/25/2017,2017-05-25,829938,776776,1606714
05/26/2017,2017-05-26,779960,691687,1471647
05/27/2017,2017-05-27,492255,462129,954384
05/28/2017,2017-05-28,366179,344784,710963
05/29/2017,2017-05-29,375171,336441,711612
05/30/2017,2017-05-30,802596,722529,1525125
05/31/2017,2017-05-31,827890,745189,1573079
06/01/2017,2017-06-01,860327,771134,1631461
06/02/2017,2017-06-02,861203,796256,1657459
06/03/2017,2017-06-03,523471,495282,1018753
06/04/2017,2017-06-04,400326,384010,784336
06/05/2017,2017-06-05,838839,768461,1607300
06/06/2017,2017-06-06,845564,787009,1632573
06/07/2017,2017-06-07,846730,793617,1640347
06/08/2017,2017-06-08,821372,805398,1626770
06/09/2017,2017-06-09,833135,822483,1655618
06/10/2017,2017-06-10,525084,558726,1083810
06/11/2017,2017-06-11,406991,440096,847087
06/12/2017,2017-06-12,808630,753763,1562393
06/13/2017,2017-06-13,817478,764155,1581633
06/14/2017,2017-06-14,786388,742346,1528734
06/15/2017,2017-06-15,830091,777758,1607849
06/16/2017,2017-06-16,785270,739069,1524339
06/17/2017,2017-06-17,486358,419764,906122
06/18/2017,2017-06-18,390193,338474,728667
06/19/2017,2017-06-19,755955,739609,1495564
06/20/2017,2017-06-20,801344,781004,1582348
06/21/2017,2017-06-21,758596,776244,1534840
06/22/2017,2017-06-22,733128,745336,1478464
06/23/2017,2017-06-23,729483,747333,1476816
06/24/2017,2017-06-24,504647,482168,986815
06/25/2017,2017-06-25,390267,513970,904237
06/26/2017,2017-06-26,738507,722154,1460661
06/27/2017,2017-06-27,763875,751340,1515215
06/28/2017,2017-06-28,722682,733693,1456375
06/29/2017,2017-06-29,747180,778070,1525250
06/30/2017,2017-06-30,763402,760380,1523782
07/01/2017,2017-07-01,514092,488429,1002521
07/02/2017,2017-07-02,398108,364979,763087
07/03/2017,2017-07-03,669915,543712,1213627
07/04/2017,2017-07-04,407991,389791,797782
07/05/2017,2017-07-05,746019,733914,1479933
07/06/2017,2017-07-06,755516,784948,1540464
07/07/2017,2017-07-07,749664,780389,1530053
07/08/2017,2017-07-08,517165,518674,1035839
07/09/2017,2017-07-09,400539,402561,803100
07/10/2017,2017-07-10,719494,695215,1414709
07/11/2017,2017-07-11,771348,735051,1506399
07/12/2017,2017-07-12,694204,702581,1396785
07/13/2017,2017-07-13,773047,751562,1524609
07/14/2017,2017-07-14,748691,762728,1511419
07/15/2017,2017-07-15,511540,495618,1007158
07/16/2017,2017-07-16,371692,374578,746270
07/17/2017,2017-07-17,754669,741094,1495763
07/18/2017,2017-07-18,776582,754149,1530731
07/19/2017,2017-07-19,769368,750889,1520257
07/20/2017,2017-07-20,716096,726632,1442728
07/21/2017,2017-07-21,733117,762529,1495646
07/22/2017,2017-07-22,485978,471542,957520
07/23/2017,2017-07-23,380247,372309,752556
07/24/2017,2017-07-24,744976,765597,1510573
07/25/2017,2017-07-25,765040,772350,1537390
07/26/2017,2017-07-26,769890,755604,1525494
07/27/2017,2017-07-27,770692,770016,1540708
07/28/2017,2017-07-28,754679,738168,1492847
07/29/2017,2017-07-29,496951,462430,959381
07/30/2017,2017-07-30,385002,349892,734894
07/31/2017,2017-07-31,732690,707434,1440124
08/01/2017,2017-08-01,789859,773470,1563329
08/02/2017,2017-08-02,771256,811636,1582892
08/03/2017,2017-08-03,763271,834427,1597698
08/04/2017,2017-08-04,732776,827248,1560024
08/05/2017,2017-08-05,503623,546783,1050406
08/06/2017,2017-08-06,376669,430711,807380
08/07/2017,2017-08-07,733495,704247,1437742
08/08/2017,2017-08-08,761850,735234,1497084
08/09/2017,2017-08-09,759657,732813,1492470
08/10/2017,2017-08-10,747519,745430,1492949
08/11/2017,2017-08-11,746418,756699,1503117
08/12/2017,2017-08-12,505271,477767,983038
08/13/2017,2017-08-13,384338,351048,735386
08/14/2017,2017-08-14,722238,716772,1439010
08/15/2017,2017-08-15,774523,700422,1474945
08/16/2017,2017-08-16,739357,734845,1474202
08/17/2017,2017-08-17,722939,751673,1474612
08/18/2017,2017-08-18,741688,751342,1493030
08/19/2017,2017-08-19,510200,488523,998723
08/20/2017,2017-08-20,395932,381042,776974
08/21/2017,2017-08-21,707640,675484,1383124
08/22/2017,2017-08-22,741370,697126,1438496
08/23/2017,2017-08-23,763384,719511,1482895
08/24/2017,2017-08-24,749315,748046,1497361
08/25/2017,2017-08-25,749192,741123,1490315
08/26/2017,2017-08-26,487453,446049,933502
08/27/2017,2017-08-27,358840,336109,694949
08/28/2017,2017-08-28,761796,740387,1502183
08/29/2017,2017-08-29,783337,763274,1546611
08/30/2017,2017-08-30,801205,779477,1580682
08/31/2017,2017-08-31,791635,785637,1577272
09/01/2017,2017-09-01,827394,760661,1588055
09/02/2017,2017-09-02,512150,481961,994111
09/03/2017,2017-09-03,417707,410951,828658
09/04/2017,2017-09-04,375104,326524,701628
09/05/2017,2017-09-05,893214,763159,1656373
09/06/2017,2017-09-06,854979,785896,1640875
09/07/2017,2017-09-07,867162,801972,1669134
09/08/2017,2017-09-08,849319,809597,1658916
09/09/2017,2017-09-09,511569,488232,999801
09/10/2017,2017-09-10,383625,375160,758785
09/11/2017,2017-09-11,861907,767744,1629651
09/12/2017,2017-09-12,883298,813900,1697198
09/13/2017,2017-09-13,876445,813293,1689738
09/14/2017,2017-09-14,874356,838725,1713081
09/15/2017,2017-09-15,871656,838001,1709657
09/16/2017,2017-09-16,517447,521275,1038722
09/17/2017,2017-09-17,386719,379480,766199
09/18/2017,2017-09-18,866120,772443,1638563
09/19/2017,2017-09-19,861844,786075,1647919
09/20/2017,2017-09-20,887017,795055,1682072
09/21/2017,2017-09-21,859255,788217,1647472
09/22/2017,2017-09-22,854042,781053,1635095
09/23/2017,2017-09-23,499368,464903,964271
09/24/2017,2017-09-24,378420,351102,729522
09/25/2017,2017-09-25,861042,767660,1628702
09/26/2017,2017-09-26,877350,791462,1668812
09/27/2017,2017-09-27,882592,796822,1679414
09/28/2017,2017-09-28,881438,809624,1691062
09/29/2017,2017-09-29,898739,811721,1710460
09/30/2017,2017-09-30,524516,482974,1007490
10/01/2017,2017-10-01,389470,361156,750626
10/02/2017,2017-10-02,877992,767540,1645532
10/03/2017,2017-10-03,921022,794082,1715104
10/04/2017,2017-10-04,889343,798360,1687703
10/05/2017,2017-10-05,889166,816694,1705860
10/06/2017,2017-10-06,841999,805746,1647745
10/07/2017,2017-10-07,484231,469808,954039
10/08/2017,2017-10-08,374005,539097,913102
10/09/2017,2017-10-09,712539,752125,1464664
10/10/2017,2017-10-10,874192,822023,1696215
10/11/2017,2017-10-11,850229,817909,1668138
10/12/2017,2017-10-12,870996,810442,1681438
10/13/2017,2017-10-13,879791,796714,1676505
10/14/2017,2017-10-14,376288,368266,744554
10/15/2017,2017-10-15,362392,335609,698001
10/16/2017,2017-10-16,867372,776457,1643829
10/17/2017,2017-10-17,882601,819635,1702236
10/18/2017,2017-10-18,888806,831089,1719895
10/19/2017,2017-10-19,876423,848003,1724426
10/20/2017,2017-10-20,862656,796878,1659534
10/21/2017,2017-10-21,520339,481334,1001673
10/22/2017,2017-10-22,344543,320608,665151
10/23/2017,2017-10-23,802893,750619,1553512
10/24/2017,2017-10-24,812947,769526,1582473
10/25/2017,2017-10-25,876000,794572,1670572
10/26/2017,2017-10-26,872176,805362,1677538
10/27/2017,2017-10-27,833348,769792,1603140
10/28/2017,2017-10-28,472503,422323,894826
10/29/2017,2017-10-29,355321,320982,676303
10/30/2017,2017-10-30,837676,753860,1591536
10/31/2017,2017-10-31,843988,758455,1602443
11/01/2017,2017-11-01,881053,780670,1661723
11/02/2017,2017-11-02,864434,794788,1659222
11/03/2017,2017-11-03,815500,755771,1571271
11/04/2017,2017-11-04,450968,393884,844852
11/05/2017,2017-11-05,359176,312232,671408
11/06/2017,2017-11-06,866671,772803,1639474
11/07/2017,2017-11-07,871211,785554,1656765
11/08/2017,2017-11-08,875619,796870,1672489
11/09/2017,2017-11-09,860819,800535,1661354
11/10/2017,2017-11-10,741017,721331,1462348
11/11/2017,2017-11-11,461927,427100,889027
11/12/2017,2017-11-12,341066,303087,644153
11/13/2017,2017-11-13,846572,758107,1604679
11/14/2017,2017-11-14,862352,781533,1643885
11/15/2017,2017-11-15,826138,770507,1596645
11/16/2017,2017-11-16,831869,773696,1605565
11/17/2017,2017-11-17,836442,779012,1615454
11/18/2017,2017-11-18,426814,429256,856070
11/19/2017,2017-11-19,359562,330196,689758
11/20/2017,2017-11-20,840370,747181,1587551
11/21/2017,2017-11-21,825182,745801,1570983
11/22/2017,2017-11-22,677643,620904,1298547
11/23/2017,2017-11-23,263654,208426,472080
11/24/2017,2017-11-24,503847,415069,918916
11/25/2017,2017-11-25,425522,369396,794918
11/26/2017,2017-11-26,336930,290753,627683
11/27/2017,2017-11-27,839274,726945,1566219
11/28/2017,2017-11-28,847910,753208,1601118
11/29/2017,2017-11-29,850702,761131,1611833
11/30/2017,2017-11-30,850783,772769,1623552
12/01/2017,2017-12-01,890982,785058,1676040
12/02/2017,2017-12-02,511676,461699,973375
12/03/2017,2017-12-03,378519,338558,717077
12/04/2017,2017-12-04,855387,739950,1595337
12/05/2017,2017-12-05,822703,737397,1560100
12/06/2017,2017-12-06,829498,742215,1571713
12/07/2017,2017-12-07,794129,741934,1536063
12/08/2017,2017-12-08,805911,739840,1545751
12/09/2017,2017-12-09,439827,405822,845649
12/10/2017,2017-12-10,336156,295505,631661
12/11/2017,2017-12-11,807879,706163,1514042
12/12/2017,2017-12-12,783312,709949,1493261
12/13/2017,2017-12-13,800995,715178,1516173
12/14/2017,2017-12-14,790977,722667,1513644
12/15/2017,2017-12-15,780679,700482,1481161
12/16/2017,2017-12-16,484468,419897,904365
12/17/2017,2017-12-17,351260,296372,647632
12/18/2017,2017-12-18,784151,675289,1459440
12/19/2017,2017-12-19,812618,697684,1510302
12/20/2017,2017-12-20,798144,683898,1482042
12/21/2017,2017-12-21,769444,659956,1429400
12/22/2017,2017-12-22,727262,586190,1313452
12/23/2017,2017-12-23,438917,324065,762982
12/24/2017,2017-12-24,275937,205801,481738
12/25/2017,2017-12-25,164256,118654,282910
12/26/2017,2017-12-26,398823,327742,726565
12/27/2017,2017-12-27,466856,416016,882872
12/28/2017,2017-12-28,509850,456611,966461
12/29/2017,2017-12-29,552051,466865,1018916
12/30/2017,2017-12-30,335207,276381,611588
12/31/2017,2017-12-31,274143,235949,510092
01/01/2018,2018-01-01,199845,195520,395365
01/02/2018,2018-01-02,507648,514174,1021822
01/03/2018,2018-01-03,598578,587740,1186318
01/04/2018,2018-01-04,594414,591081,1185495
01/05/2018,2018-01-05,597163,572525,1169688
01/06/2018,2018-01-06,372807,292077,664884
01/07/2018,2018-01-07,284438,226604,511042
01/08/2018,2018-01-08,755777,664263,1420040
01/09/2018,2018-01-09,780104,684704,1464808
01/10/2018,2018-01-10,783008,695123,1478131
01/11/2018,2018-01-11,774197,695496,1469693
01/12/2018,2018-01-12,730031,643915,1373946
01/13/2018,2018-01-13,392644,323263,715907
01/14/2018,2018-01-14,291206,245376,536582
01/15/2018,2018-01-15,463868,419604,883472
01/16/2018,2018-01-16,779194,710906,1490100
01/17/2018,2018-01-17,787021,713680,1500701
01/18/2018,2018-01-18,788150,720369,1508519
01/19/2018,2018-01-19,784287,701290,1485577
01/20/2018,2018-01-20,438286,449322,887608
01/21/2018,2018-01-21,316648,259818,576466
01/22/2018,2018-01-22,781955,711848,1493803
01/23/2018,2018-01-23,795146,733662,1528808
01/24/2018,2018-01-24,808026,732420,1540446
01/25/2018,2018-01-25,813348,743858,1557206
01/26/2018,2018-01-26,806770,722671,1529441
01/27/2018,2018-01-27,455974,384419,840393
01/28/2018,2018-01-28,320779,268995,589774
01/29/2018,2018-01-29,774310,699889,1474199
01/30/2018,2018-01-30,801986,723334,1525320
01/31/2018,2018-01-31,815252,729419,1544671
02/01/2018,2018-02-01,824632,724399,1549031
02/02/2018,2018-02-02,706351,657689,1364040
02/03/2018,2018-02-03,435554,344309,779863
02/04/2018,2018-02-04,279353,232906,512259
02/05/2018,2018-02-05,734272,675368,1409640
02/06/2018,2018-02-06,783522,708071,1491593
02/07/2018,2018-02-07,790600,714000,1504600
02/08/2018,2018-02-08,782384,727764,1510148
02/09/2018,2018-02-09,480347,490054,970401
02/10/2018,2018-02-10,399759,351548,751307
02/11/2018,2018-02-11,294675,260148,554823
02/12/2018,2018-02-12,771383,692183,1463566
02/13/2018,2018-02-13,832686,743502,1576188
02/14/2018,2018-02-14,846174,756475,1602649
02/15/2018,2018-02-15,819948,746521,1566469
02/16/2018,2018-02-16,803410,725091,1528501
02/17/2018,2018-02-17,438472,383764,822236
02/18/2018,2018-02-18,345438,299983,645421
02/19/2018,2018-02-19,569983,523621,1093604
02/20/2018,2018-02-20,786356,718493,1504849
02/21/2018,2018-02-21,831241,740388,1571629
02/22/2018,2018-02-22,833819,743449,1577268
02/23/2018,2018-02-23,820477,720769,1541246
02/24/2018,2018-02-24,461537,387230,848767
02/25/2018,2018-02-25,347690,292093,639783
02/26/2018,2018-02-26,825842,718649,1544491
02/27/2018,2018-02-27,846696,743269,1589965
02/28/2018,2018-02-28,837820,736868,1574688
03/01/2018,2018-03-01,807973,724095,1532068
03/02/2018,2018-03-02,838965,719445,1558410
03/03/2018,2018-03-03,489631,400158,889789
03/04/2018,2018-03-04,360783,288394,649177
03/05/2018,2018-03-05,793241,686228,1479469
03/06/2018,2018-03-06,818087,723274,1541361
03/07/2018,2018-03-07,829608,731992,1561600
03/08/2018,2018-03-08,813217,734447,1547664
03/09/2018,2018-03-09,806152,712092,1518244
03/10/2018,2018-03-10,471143,394014,865157
03/11/2018,2018-03-11,339755,286948,626703
03/12/2018,2018-03-12,798061,715220,1513281
03/13/2018,2018-03-13,808848,731938,1540786
03/14/2018,2018-03-14,834401,747391,1581792
03/15/2018,2018-03-15,829652,754110,1583762
03/16/2018,2018-03-16,808945,738857,1547802
03/17/2018,2018-03-17,471682,607823,1079505
03/18/2018,2018-03-18,361391,320742,682133
03/19/2018,2018-03-19,807848,709194,1517042
03/20/2018,2018-03-20,808168,710058,1518226
03/21/2018,2018-03-21,815911,715243,1531154
03/22/2018,2018-03-22,807829,722634,1530463
03/23/2018,2018-03-23,789868,699928,1489796
03/24/2018,2018-03-24,424609,389468,814077
03/25/2018,2018-03-25,331496,306710,638206
03/26/2018,2018-03-26,685230,660176,1345406
03/27/2018,2018-03-27,688138,684664,1372802
03/28/2018,2018-03-28,719691,695373,1415064
03/29/2018,2018-03-29,692129,686014,1378143
03/30/2018,2018-03-30,672341,608535,1280876
03/31/2018,2018-03-31,428294,349132,777426
04/01/2018,2018-04-01,305848,238356,544204
04/02/2018,2018-04-02,782016,688114,1470130
04/03/2018,2018-04-03,816056,720417,1536473
04/04/2018,2018-04-04,823619,738079,1561698
04/05/2018,2018-04-05,817204,753661,1570865
04/06/2018,2018-04-06,792532,721169,1513701
04/07/2018,2018-04-07,466492,404650,871142
04/08/2018,2018-04-08,335409,283411,618820
04/09/2018,2018-04-09,773663,708735,1482398
04/10/2018,2018-04-10,798350,748682,1547032
04/11/2018,2018-04-11,849255,770269,1619524
04/12/2018,2018-04-12,836193,775422,1611615
04/13/2018,2018-04-13,729175,716600,1445775
04/14/2018,2018-04-14,417189,374923,792112
04/15/2018,2018-04-15,300857,258277,559134
04/16/2018,2018-04-16,773294,704714,1478008
04/17/2018,2018-04-17,830925,759128,1590053
04/18/2018,2018-04-18,783296,728207,1511503
04/19/2018,2018-04-19,774579,749646,1524225
04/20/2018,2018-04-20,812450,735681,1548131
04/21/2018,2018-04-21,455577,392721,848298
04/22/2018,2018-04-22,348195,294515,642710
04/23/2018,2018-04-23,810268,712596,1522864
04/24/2018,2018-04-24,826998,743776,1570774
04/25/2018,2018-04-25,838143,748866,1587009
04/26/2018,2018-04-26,837802,777534,1615336
04/27/2018,2018-04-27,812960,752386,1565346
04/28/2018,2018-04-28,480130,426851,906981
04/29/2018,2018-04-29,354456,327855,682311
04/30/2018,2018-04-30,817980,746550,1564530
05/01/2018,2018-05-01,876677,777780,1654457
05/02/2018,2018-05-02,834718,752143,1586861
05/03/2018,2018-05-03,840135,744199,1584334
05/04/2018,2018-05-04,830802,736342,1567144
05/05/2018,2018-05-05,506199,443358,949557
05/06/2018,2018-05-06,359516,315030,674546
05/07/2018,2018-05-07,821267,742969,1564236
05/08/2018,2018-05-08,841014,781451,1622465
05/09/2018,2018-05-09,803570,756378,1559948
05/10/2018,2018-05-10,838748,762718,1601466
05/11/2018,2018-05-11,788585,744337,1532922
05/12/2018,2018-05-12,440554,392468,833022
05/13/2018,2018-05-13,335726,306051,641777
05/14/2018,2018-05-14,742924,686671,1429595
05/15/2018,2018-05-15,809607,728488,1538095
05/16/2018,2018-05-16,824209,733303,1557512
05/17/2018,2018-05-17,807735,743467,1551202
05/18/2018,2018-05-18,784606,717590,1502196
05/19/2018,2018-05-19,461266,408091,869357
05/20/2018,2018-05-20,321817,288853,610670
05/21/2018,2018-05-21,709633,669968,1379601
05/22/2018,2018-05-22,819740,762899,1582639
05/23/2018,2018-05-23,827983,774273,1602256
05/24/2018,2018-05-24,813320,757935,1571255
05/25/2018,2018-05-25,797393,730669,1528062
05/26/2018,2018-05-26,474011,472471,946482
05/27/2018,2018-05-27,382202,375810,758012
05/28/2018,2018-05-28,364119,325534,689653
05/29/2018,2018-05-29,797433,716137,1513570
05/30/2018,2018-05-30,793348,716886,1510234
05/31/2018,2018-05-31,819988,753062,1573050
06/01/2018,2018-06-01,851045,773824,1624869
06/02/2018,2018-06-02,496149,437154,933303
06/03/2018,2018-06-03,383320,342776,726096
06/04/2018,2018-06-04,820746,726476,1547222
06/05/2018,2018-06-05,826465,778366,1604831
06/06/2018,2018-06-06,820198,778486,1598684
06/07/2018,2018-06-07,821694,798516,1620210
06/08/2018,2018-06-08,779201,766692,1545893
06/09/2018,2018-06-09,464236,475218,939454
06/10/2018,2018-06-10,332042,339387,671429
06/11/2018,2018-06-11,781557,724255,1505812
06/12/2018,2018-06-12,807427,750111,1557538
06/13/2018,2018-06-13,783799,759987,1543786
06/14/2018,2018-06-14,795923,754502,1550425
06/15/2018,2018-06-15,775628,735211,1510839
06/16/2018,2018-06-16,472932,441274,914206
06/17/2018,2018-06-17,351730,324959,676689
06/18/2018,2018-06-18,742447,722983,1465430
06/19/2018,2018-06-19,779092,768531,1547623
06/20/2018,2018-06-20,741682,763084,1504766
06/21/2018,2018-06-21,628563,683599,1312162
06/22/2018,2018-06-22,669210,689577,1358787
06/23/2018,2018-06-23,487366,452638,940004
06/24/2018,2018-06-24,382787,515034,897821
06/25/2018,2018-06-25,730834,709948,1440782
06/26/2018,2018-06-26,714896,717661,1432557
06/27/2018,2018-06-27,734332,744015,1478347
06/28/2018,2018-06-28,751395,758891,1510286
06/29/2018,2018-06-29,748648,755938,1504586
06/30/2018,2018-06-30,473766,468103,941869
07/01/2018,2018-07-01,353385,329670,683055
07/02/2018,2018-07-02,734869,678249,1413118
07/03/2018,2018-07-03,771705,716848,1488553
07/04/2018,2018-07-04,384885,366963,751848
07/05/2018,2018-07-05,652746,615715,1268461
07/06/2018,2018-07-06,720068,699130,1419198
07/07/2018,2018-07-07,485369,439367,924736
07/08/2018,2018-07-08,376335,346489,722824
07/09/2018,2018-07-09,742452,704612,1447064
07/10/2018,2018-07-10,766160,742163,1508323
07/11/2018,2018-07-11,772083,765257,1537340
07/12/2018,2018-07-12,755211,766466,1521677
07/13/2018,2018-07-13,753196,784018,1537214
07/14/2018,2018-07-14,471688,455259,926947
07/15/2018,2018-07-15,380142,378006,758148
07/16/2018,2018-07-16,731999,700335,1432334
07/17/2018,2018-07-17,768143,739651,1507794
07/18/2018,2018-07-18,770336,745511,1515847
07/19/2018,2018-07-19,765291,780813,1546104
07/20/2018,2018-07-20,721413,762815,1484228
07/21/2018,2018-07-21,469280,483657,952937
07/22/2018,2018-07-22,339813,357484,697297
07/23/2018,2018-07-23,742296,746950,1489246
07/24/2018,2018-07-24,766503,775343,1541846
07/25/2018,2018-07-25,763505,768014,1531519
07/26/2018,2018-07-26,758033,781151,1539184
07/27/2018,2018-07-27,729506,741794,1471300
07/28/2018,2018-07-28,484064,453186,937250
07/29/2018,2018-07-29,374591,354824,729415
07/30/2018,2018-07-30,718899,721661,1440560
07/31/2018,2018-07-31,733107,729861,1462968
08/01/2018,2018-08-01,778530,757280,1535810
08/02/2018,2018-08-02,743458,861954,1605412
08/03/2018,2018-08-03,765341,831628,1596969
08/04/2018,2018-08-04,480664,521622,1002286
08/05/2018,2018-08-05,368543,423810,792353
08/06/2018,2018-08-06,688147,687412,1375559
08/07/2018,2018-08-07,710000,702495,1412495
08/08/2018,2018-08-08,737497,726837,1464334
08/09/2018,2018-08-09,725134,727089,1452223
08/10/2018,2018-08-10,728844,757214,1486058
08/11/2018,2018-08-11,498035,485775,983810
08/12/2018,2018-08-12,372421,371962,744383
08/13/2018,2018-08-13,705028,681926,1386954
08/14/2018,2018-08-14,722447,739143,1461590
08/15/2018,2018-08-15,710743,720004,1430747
08/16/2018,2018-08-16,720279,712077,1432356
08/17/2018,2018-08-17,702584,697625,1400209
08/18/2018,2018-08-18,493509,469340,962849
08/19/2018,2018-08-19,380140,357318,737458
08/20/2018,2018-08-20,668029,672736,1340765
08/21/2018,2018-08-21,714668,705759,1420427
08/22/2018,2018-08-22,747818,711067,1458885
08/23/2018,2018-08-23,751380,748147,1499527
08/24/2018,2018-08-24,692290,698828,1391118
08/25/2018,2018-08-25,472537,437488,910025
08/26/2018,2018-08-26,358918,344736,703654
08/27/2018,2018-08-27,751100,740835,1491935
08/28/2018,2018-08-28,751236,764285,1515521
08/29/2018,2018-08-29,752668,767691,1520359
08/30/2018,2018-08-30,776906,780357,1557263
08/31/2018,2018-08-31,773345,726643,1499988
09/01/2018,2018-09-01,457556,415563,873119
09/02/2018,2018-09-02,393446,368715,762161
09/03/2018,2018-09-03,330488,293772,624260
09/04/2018,2018-09-04,864262,756397,1620659
09/05/2018,2018-09-05,854763,785143,1639906
09/06/2018,2018-09-06,819596,786139,1605735
09/07/2018,2018-09-07,814560,796057,1610617
09/08/2018,2018-09-08,486855,460892,947747
09/09/2018,2018-09-09,361946,329445,691391
09/10/2018,2018-09-10,844530,792245,1636775
09/11/2018,2018-09-11,861007,818737,1679744
09/12/2018,2018-09-12,865443,835997,1701440
09/13/2018,2018-09-13,851071,821484,1672555
09/14/2018,2018-09-14,841332,833730,1675062
09/15/2018,2018-09-15,498240,505429,1003669
09/16/2018,2018-09-16,375988,375547,751535
09/17/2018,2018-09-17,839178,794968,1634146
09/18/2018,2018-09-18,846003,796654,1642657
09/19/2018,2018-09-19,844257,786851,1631108
09/20/2018,2018-09-20,840571,812664,1653235
09/21/2018,2018-09-21,829287,806274,1635561
09/22/2018,2018-09-22,497023,464531,961554
09/23/2018,2018-09-23,373382,331323,704705
09/24/2018,2018-09-24,829917,806181,1636098
09/25/2018,2018-09-25,843206,813982,1657188
09/26/2018,2018-09-26,868419,838474,1706893
09/27/2018,2018-09-27,858664,847133,1705797
09/28/2018,2018-09-28,824823,816264,1641087
09/29/2018,2018-09-29,492591,500479,993070
09/30/2018,2018-09-30,365436,362732,728168
10/01/2018,2018-10-01,878697,808415,1687112
10/02/2018,2018-10-02,870588,824655,1695243
10/03/2018,2018-10-03,910415,829500,1739915
10/04/2018,2018-10-04,875646,845234,1720880
10/05/2018,2018-10-05,798129,781321,1579450
10/06/2018,2018-10-06,471199,466775,937974
10/07/2018,2018-10-07,325617,510071,835688
10/08/2018,2018-10-08,700116,719617,1419733
10/09/2018,2018-10-09,882871,813161,1696032
10/10/2018,2018-10-10,831398,794576,1625974
10/11/2018,2018-10-11,860410,817569,1677979
10/12/2018,2018-10-12,824598,776261,1600859
10/13/2018,2018-10-13,494592,466427,961019
10/14/2018,2018-10-14,362011,332403,694414
10/15/2018,2018-10-15,836275,778324,1614599
10/16/2018,2018-10-16,856815,802082,1658897
10/17/2018,2018-10-17,866716,807188,1673904
10/18/2018,2018-10-18,858568,814542,1673110
10/19/2018,2018-10-19,814805,774539,1589344
10/20/2018,2018-10-20,464296,439297,903593
10/21/2018,2018-10-21,353981,332004,685985
10/22/2018,2018-10-22,841090,769144,1610234
10/23/2018,2018-10-23,858222,793605,1651827
10/24/2018,2018-10-24,855770,795929,1651699
10/25/2018,2018-10-25,846179,802796,1648975
10/26/2018,2018-10-26,842904,777822,1620726
10/27/2018,2018-10-27,492859,435508,928367
10/28/2018,2018-10-28,334541,315184,649725
10/29/2018,2018-10-29,835732,766123,1601855
10/30/2018,2018-10-30,851167,785017,1636184
10/31/2018,2018-10-31,840619,776366,1616985
